50,3,265,88
61,11,274,88
47,3,276,84
47,7,278,81
48,8,270,83
52,0,275,86
46,11,279,85
39,9,270,77
59,8,264,84
54,13,269,81
46,19,277,93
56,4,272,93
57,1,268,82
58,3,277,82
59,0,280,80
52,2,277,89
52,12,268,91
52,4,263,79
54,8,272,83
42,16,268,84
48,0,278,91
50,3,274,86
39,0,267,92
50,0,281,80
56,14,275,88
44,12,276,87
43,8,273,82
52,2,263,96
48,11,275,80
45,0,279,88
46,15,280,96
58,13,274,87
62,5,264,93
56,2,281,96
50,0,271,95
52,9,266,87
42,16,276,86
48,0,275,95
52,12,268,93
56,6,279,91
51,9,265,84
55,11,272,85
51,13,276,92
48,12,265,94
59,16,272,84
59,16,278,81
39,17,279,92
62,15,269,83
46,19,271,90
42,0,279,96
45,0,270,95
51,16,273,82
42,16,270,84
56,8,272,79
55,17,273,84
43,6,278,90
47,13,270,82
59,17,272,80
50,10,275,86
56,10,270,84
42,2,270,78
59,4,276,82
39,1,278,96
48,8,276,79
42,19,273,93
56,2,281,89
61,5,265,82
54,0,278,85
41,4,272,86
58,15,274,84
59,0,269,84
39,14,275,84
51,9,276,84
39,7,264,90
48,7,265,93
53,12,270,91
44,0,271,95
58,1,276,80
39,11,271,82
55,8,274,84
50,13,271,87
44,15,281,77
54,8,268,79
47,0,279,83
42,8,268,91
57,16,269,79
51,12,267,93
44,15,272,92
39,1,265,88
54,19,279,91
53,1,266,89
51,15,279,84
51,5,271,84
45,5,278,84
39,7,271,93
44,6,279,81
37,11,274,84
48,4,271,83
39,4,272,89
40,4,262,77
39,17,271,90
37,13,265,90
43,17,269,83
55,7,263,80
48,0,278,93
51,1,267,85
46,19,277,92
35,1,267,90
46,2,267,79
52,8,276,91
55,5,268,94
37,17,268,84
55,17,265,88
54,2,264,86
55,15,274,88
54,2,266,91
40,8,274,93
56,5,268,91
45,6,272,84
48,0,263,93
57,13,266,88
55,0,278,84
44,7,277,75
56,12,264,78
56,12,263,93
44,7,281,90
49,3,268,84
39,1,277,89
44,19,262,81
39,0,272,84
43,7,268,90
46,3,262,85
53,8,276,93
60,14,277,80
58,8,276,78
55,3,279,88
56,6,261,83
45,17,265,82
47,17,276,81
53,7,263,89
56,14,263,83
49,4,275,91
61,11,272,78
57,16,268,84
41,12,272,79
50,4,275,75
59,16,276,83
48,10,271,78
59,0,278,89
47,14,267,89
57,2,275,82
44,11,277,91
54,7,274,80
46,10,279,90
57,17,277,88
59,12,264,88
41,16,272,88
51,17,277,80
58,19,268,78
39,1,279,83
54,8,270,87
49,7,273,88
54,7,279,91
52,4,271,89
49,13,266,75
44,8,279,91
49,11,275,79
53,2,270,83
59,16,272,84
51,2,269,75
37,13,277,84
49,11,270,84
50,9,262,82
59,14,277,80
49,13,278,88
39,3,267,82
42,12,272,79
39,16,276,82
40,4,273,79
41,5,265,81
52,0,267,85
57,12,266,91
52,7,280,90
44,6,265,85
48,8,264,93
51,8,266,86
59,16,274,85
54,12,270,79
48,9,279,85
46,7,279,77
56,4,277,83
56,16,274,76
55,12,270,89
56,0,275,91
59,5,277,88
40,10,274,77
40,0,265,86
45,1,277,84
42,3,265,90
57,8,272,75
57,17,276,84
39,13,269,78
42,2,261,75
48,16,270,78
44,10,270,87
52,4,268,86
59,2,266,88
52,0,273,76
50,8,268,86
45,17,264,88
59,16,274,78
47,9,274,84
54,2,281,85
59,13,269,84
63,7,276,88
51,8,266,73
57,8,270,78
41,14,279,85
58,12,277,84
55,2,276,78
59,6,264,88
50,17,277,83
59,16,267,84
41,12,264,90
56,4,271,87
56,4,266,75
45,6,264,74
58,8,270,79
55,0,272,76
38,0,263,83
44,2,271,85
48,5,274,85
46,4,275,89
42,16,270,76
56,1,276,78
39,12,278,75
55,14,275,84
41,16,273,75
43,10,271,83
56,6,267,87
58,8,266,87
41,8,268,74
55,4,264,81
52,15,267,80
55,5,276,82
56,6,267,73
48,16,268,79
52,13,273,74
54,10,264,91
48,12,266,86
57,8,266,71
59,15,267,85
51,13,269,81
55,7,279,87
56,4,270,83
61,8,264,82
41,11,275,80
48,12,270,81
46,2,277,87
48,6,262,90
56,8,263,83
60,2,269,79
45,12,273,83
56,8,262,77
51,12,270,78
45,12,273,82
55,4,269,90
59,1,279,89
44,15,281,75
57,4,275,87
43,17,279,83
63,5,274,90
57,2,273,91
62,1,272,84
43,7,270,86
63,0,278,88
55,9,268,81
60,2,269,88
56,12,270,77
54,6,269,93
59,8,276,93
57,8,266,91
57,16,268,78
58,12,264,89
57,12,268,91
59,16,273,90
45,16,274,86
56,16,265,84
59,12,275,84
59,8,266,86
63,3,267,81
58,6,281,84
47,16,270,79
61,8,272,75
63,14,264,82
61,1,270,81
43,5,274,79
59,0,272,88
54,1,270,89
60,8,274,79
64,16,273,85
60,16,269,79
58,1,270,75
60,1,269,77
43,16,264,80
55,16,267,77
63,5,276,89
57,12,274,85
59,6,276,91
47,16,272,77
57,16,276,76
57,10,272,74
61,12,270,91
58,10,265,74
55,0,279,77
52,11,279,75
63,0,278,84
58,5,262,85
54,7,268,81
47,19,279,90
62,17,277,88
51,9,274,80
50,17,267,75
50,18,271,91
52,10,263,78
56,4,267,75
47,7,270,80
58,8,266,91
57,17,275,76
45,8,277,88
45,11,278,80
57,8,265,75
64,12,269,84
61,12,272,93
54,15,274,76
64,7,274,78
65,13,277,86
48,8,263,89
63,12,270,93
58,3,262,85
57,8,262,79
47,16,274,88
45,17,279,88
63,1,278,86
65,8,270,87
63,17,265,89
71,11,273,90
47,16,272,81
51,0,277,84
55,15,265,88
65,3,273,79
64,3,264,87
50,16,274,86
60,2,279,87
67,1,262,93
71,9,269,81
62,6,271,83
53,4,268,86
71,5,264,92
52,6,261,95
59,12,270,94
67,8,268,83
71,19,264,91
62,15,265,94
61,0,276,95
58,0,265,88
58,3,279,80
63,15,277,93
59,0,272,89
71,11,278,88
69,3,264,82
60,15,279,92
60,19,277,86
67,17,275,94
69,13,264,88
60,12,266,97
64,14,281,79
60,19,273,96
58,0,277,87
59,11,272,82
51,16,268,84
65,16,265,84
66,16,271,83
56,0,262,77
51,0,274,88
52,19,267,87
47,11,267,92
59,8,272,85
54,11,280,91
47,8,277,84
67,11,277,90
49,1,266,84
63,15,264,91
59,19,278,86
65,1,272,88
52,15,261,87
47,5,278,86
60,18,261,90
59,17,278,84
46,1,279,96
62,12,266,95
62,12,263,87
50,0,278,89
64,5,272,84
53,0,272,88
45,16,264,80
65,7,272,86
59,0,270,88
43,13,269,92
45,14,276,88
64,6,268,86
47,3,279,84
60,0,267,80
48,1,268,90
61,15,273,91
64,9,267,89
50,19,277,91
47,3,273,77
51,12,274,84
63,17,277,88
64,3,276,90
59,0,263,95
63,2,267,84
48,7,275,78
57,0,271,93
52,6,269,81
61,2,264,93
64,16,270,89
61,0,266,83
57,16,276,84
62,4,266,85
57,9,278,81
50,15,267,91
53,6,275,80
60,3,279,85
60,12,264,87
53,12,270,91
61,8,266,90
46,9,262,79
50,16,274,90
49,12,270,87
64,12,265,85
56,11,261,89
61,16,266,86
51,0,279,79
63,4,275,81
57,0,279,84
65,12,276,79
52,13,275,80
68,1,269,84
71,17,269,92
53,0,265,80
60,18,279,78
60,7,263,87
68,8,264,90
57,17,277,90
63,13,279,96
67,19,262,82
66,0,274,89
64,4,266,87
53,17,270,84
64,16,266,86
68,12,269,94
55,5,274,93
71,0,272,81
55,7,270,89
56,0,261,93
69,8,266,85
71,11,266,82
58,10,272,82
52,2,265,90
69,18,279,93
51,3,269,92
61,4,276,95
57,17,275,90
53,7,264,81
56,8,270,91
69,1,280,91
57,12,274,95
56,0,275,96
52,0,270,93
62,6,261,96
66,2,267,81
71,16,274,87
67,8,268,79
61,16,264,92
67,5,272,86
63,13,277,83
55,3,276,88
54,17,261,96
63,5,268,92
65,12,268,91
53,12,270,94
52,12,274,90
58,13,264,79
67,12,266,87
66,4,262,77
67,4,276,84
59,7,265,80
56,10,271,77
55,3,263,77
60,7,271,81
65,4,279,89
56,10,269,91
71,15,270,84
64,0,273,84
65,16,265,92
53,3,270,88
50,15,265,80
55,11,262,91
60,18,277,83
62,7,269,89
67,3,269,84
58,14,279,89
62,0,275,86
57,0,270,82
67,17,271,88
66,4,274,92
66,13,270,87
60,14,277,78
67,17,266,80
66,0,274,86
51,3,271,81
62,6,267,93
57,12,274,79
61,4,268,89
67,16,277,89
49,8,273,83
55,16,272,76
65,16,271,78
58,8,274,90
63,19,262,78
55,17,263,77
67,0,277,90
58,15,279,82
50,8,276,87
61,16,275,88
49,4,266,81
50,9,264,91
47,16,277,90
55,1,268,86
63,15,272,80
65,2,269,84
50,7,264,90
60,0,263,80
60,4,279,91
54,16,273,92
64,1,265,88
58,3,263,91
59,13,266,85
63,8,274,81
61,13,265,82
61,0,267,88
52,1,266,96
51,13,264,83
66,10,266,79
60,0,275,96
60,6,274,96
62,8,279,97
65,12,266,99
61,1,264,97
49,2,266,84
60,1,278,96
50,12,272,83
61,7,271,83
63,8,265,82
65,3,279,80
61,4,278,95
63,6,264,91
56,8,270,83
65,11,269,88
61,13,266,88
62,12,263,86
55,9,277,84
69,2,276,84
62,17,269,91
57,3,274,93
65,17,267,96
67,9,268,83
60,10,265,83
58,12,269,99
54,7,275,82
53,12,270,83
56,15,263,88
65,4,278,93
52,0,264,97
52,1,264,86
69,0,278,92
50,15,278,91
67,13,268,86
60,6,265,87
68,8,266,95
65,16,266,87
65,6,265,79
68,16,268,82
56,6,277,99
66,8,268,95
55,0,272,90
60,15,275,93
61,4,262,79
67,11,275,91
71,0,265,91
68,10,275,85
72,2,281,92
75,9,274,84
79,3,271,81
60,11,279,79
60,7,265,97
76,16,272,94
71,16,273,79
73,12,271,83
72,6,281,93
67,4,270,95
60,11,270,84
74,10,268,86
62,8,274,79
64,7,268,80
62,0,278,83
68,4,263,85
77,16,268,89
74,8,266,84
58,11,262,80
78,9,279,91
66,9,266,83
77,2,274,90
72,8,275,87
57,2,267,81
60,14,273,85
58,15,279,82
71,4,276,91
66,13,274,79
68,7,267,80
62,1,268,83
64,8,270,79
75,4,264,79
73,0,268,84
59,0,278,88
62,5,279,96
70,8,270,90
71,15,278,88
55,1,268,87
55,15,273,85
67,15,273,88
67,9,273,88
68,4,274,93
67,10,268,84
53,4,276,91
64,0,272,86
67,4,266,91
68,8,270,99
66,4,266,85
65,6,269,83
74,8,265,91
76,12,263,93
63,19,261,96
79,5,275,84
59,9,273,88
71,15,265,91
79,15,280,89
70,17,263,90
74,1,279,93
69,2,264,92
67,3,280,100
74,9,263,84
77,12,266,87
67,0,263,89
64,12,276,95
80,12,275,97
78,19,262,97
66,16,269,88
64,16,266,92
64,13,270,91
76,2,263,89
80,13,268,95
68,3,269,99
65,0,265,96
76,15,262,98
74,19,266,96
63,3,277,83
64,16,266,84
67,13,265,88
78,4,268,86
70,3,278,96
63,0,278,99
65,8,272,86
79,0,279,93
78,19,277,88
67,1,268,95
80,10,270,99
72,14,271,96
79,9,272,89
74,10,261,96
68,14,279,97
70,3,277,98
73,12,271,83
60,0,266,95
64,16,276,92
58,13,275,84
59,8,263,82
59,9,275,93
60,0,265,96
67,8,270,95
59,9,267,84
66,11,263,82
73,15,277,92
66,13,270,91
68,6,281,82
60,6,279,85
66,8,274,97
56,4,268,82
71,0,276,87
71,17,272,88
57,16,271,95
58,0,274,95
71,16,265,82
57,7,276,92
54,6,279,86
55,5,276,84
66,17,271,82
62,0,278,93
69,2,263,83
65,0,265,84
53,9,266,93
62,13,263,88
70,10,264,95
68,11,281,94
51,17,273,83
67,1,266,84
55,4,267,92
51,17,278,84
56,12,266,99
62,0,276,90
58,7,281,96
67,1,270,90
54,19,265,84
67,4,270,93
62,9,279,96
66,8,268,83
67,7,277,91
61,12,270,79
68,8,270,89
65,0,268,94
72,5,276,91
55,16,274,82
63,7,275,93
60,15,265,97
59,9,278,88
55,16,273,94
54,9,273,84
71,17,265,84
56,2,266,95
68,3,273,87
67,15,267,86
53,15,279,95
65,3,276,92
58,7,280,83
64,5,265,92
63,19,278,89
58,3,275,88
68,12,270,79
63,10,265,91
74,19,263,96
73,7,264,84
60,15,273,82
63,15,261,81
55,13,274,92
64,13,272,84
68,12,266,99
65,12,262,79
54,19,270,96
55,0,280,96
68,12,266,87
56,2,266,95
69,0,272,82
69,6,266,85
67,16,265,88
73,4,272,82
75,13,279,89
67,16,277,84
72,4,266,95
71,5,267,84
70,19,268,91
73,10,263,92
64,8,277,84
67,19,274,87
50,17,273,85
64,10,264,86
64,6,271,79
53,10,268,79
64,13,275,79
49,16,269,93
61,13,274,82
53,1,265,84
69,0,265,90
54,7,277,80
59,12,264,95
56,4,279,79
64,12,266,91
64,10,281,89
69,3,266,92
67,0,274,84
71,5,263,84
51,15,273,88
53,6,272,82
55,19,271,93
52,15,273,85
51,15,272,93
63,1,279,80
53,13,270,94
64,8,266,94
51,17,264,88
67,11,276,82
52,4,270,89
59,14,266,95
60,3,274,87
62,9,263,88
54,15,270,96
66,11,275,84
56,4,271,91
67,9,270,83
69,16,274,91
57,12,266,99
60,7,279,89
54,4,268,97
49,4,265,80
52,19,267,86
50,15,262,96
54,14,281,84
56,6,278,95
55,7,276,88
55,0,269,86
63,0,278,93
52,11,274,86
64,12,262,86
63,17,279,82
64,8,274,87
63,0,270,82
62,6,263,94
56,2,264,95
67,13,276,88
63,16,274,86
61,4,270,90
59,11,267,92
67,16,265,82
51,16,272,82
47,9,269,78
52,0,265,91
50,12,276,86
56,12,266,78
52,13,273,79
52,1,266,77
52,13,269,84
64,13,268,94
57,2,275,84
60,10,274,79
56,6,273,78
49,1,275,95
55,8,271,86
53,1,276,86
57,11,268,84
57,1,265,82
51,9,262,92
61,12,274,87
50,6,278,93
64,0,274,80
61,0,266,91
57,6,269,88
56,0,273,79
53,0,264,79
67,19,263,90
69,1,278,80
63,17,263,89
55,13,265,82
63,6,267,89
54,10,270,83
60,4,261,79
61,8,278,76
59,12,268,87
52,15,261,88
43,11,267,83
62,17,271,78
63,15,272,89
47,11,263,91
47,0,280,83
49,10,271,86
61,0,266,86
60,14,277,82
52,3,273,77
60,6,279,91
66,9,270,82
51,13,277,86
58,1,276,75
67,0,276,84
59,11,264,84
64,12,271,79
50,4,263,79
63,4,271,79
65,16,269,90
52,4,279,75
61,16,268,90
57,12,268,78
51,11,265,80
61,16,277,85
55,1,266,82
54,11,279,90
67,17,275,83
57,1,272,77
52,19,269,77
47,5,266,88
54,14,277,83
58,17,262,88
67,17,269,88
64,3,265,84
54,16,266,78
61,2,271,75
59,3,272,76
57,10,264,87
62,12,270,86
58,15,262,96
51,15,275,96
43,11,272,82
60,11,265,86
61,8,270,79
61,10,271,86
64,4,272,84
53,0,264,90
47,19,274,89
62,15,275,84
57,15,278,89
43,8,266,87
60,10,272,95
47,19,272,83
64,16,274,92
60,14,277,92
42,7,276,86
54,7,273,83
54,1,266,83
45,12,277,84
61,16,275,90
48,12,270,81
52,7,262,90
46,4,276,90
44,4,279,81
58,16,270,87
55,12,266,91
57,4,270,91
61,0,266,88
56,2,279,82
47,12,273,90
61,4,274,79
67,12,276,84
55,1,272,82
65,16,267,92
48,12,264,95
57,2,269,96
62,8,279,97
64,4,276,84
55,1,269,94
56,6,269,85
61,9,265,94
45,0,267,88
54,11,269,86
46,17,262,87
54,14,265,96
49,12,263,79
62,12,272,86
61,8,276,92
43,1,276,86
55,8,276,86
64,0,272,86
45,16,269,90
52,12,274,97
54,3,279,93
56,0,279,81
52,2,261,84
50,0,276,99
61,12,274,82
48,7,279,98
49,7,278,99
53,15,279,96
58,0,267,92
59,11,276,88
52,12,268,90
51,16,272,87
56,2,268,95
47,4,270,84
51,15,275,96
61,13,265,92
49,13,266,99
52,11,269,92
59,12,268,84
56,12,266,83
49,4,273,94
56,12,274,81
52,2,277,81
64,12,266,88
63,4,264,90
43,15,279,97
47,0,278,96
50,0,268,95
54,6,273,84
51,17,279,94
63,2,276,88
52,6,275,87
49,4,277,79
52,1,263,79
58,6,273,97
50,6,275,94
58,14,279,97
55,14,276,92
57,12,268,94
55,10,265,79
54,1,271,87
45,8,272,92
51,7,267,94
52,2,267,83
62,6,275,93
64,16,273,86
45,8,273,88
60,11,269,96
58,15,279,81
52,2,261,93
65,9,271,95
57,0,268,79
47,0,265,88
67,19,267,84
51,11,268,92
53,6,277,80
62,0,279,93
49,10,263,89
50,3,275,83
60,2,263,95
51,8,276,95
57,10,274,95
52,7,279,95
64,10,268,84
46,16,272,91
56,12,268,90
56,10,264,94
48,6,267,95
61,13,270,94
54,1,263,93
43,3,272,82
59,15,279,80
45,12,263,85
46,0,280,83
58,7,279,93
48,6,263,96
58,8,262,97
51,4,269,84
55,16,279,82
42,7,277,92
52,3,279,86
50,6,281,91
54,8,264,87
49,17,279,80
59,3,277,81
49,4,271,85
45,15,275,88
57,17,264,90
64,0,269,79
60,0,271,78
44,4,264,93
63,8,270,79
64,1,274,86
65,0,275,93
46,14,269,96
54,2,273,93
48,0,271,93
61,2,266,82
64,0,275,84
45,13,265,86
62,4,276,91
62,11,278,96
46,0,279,81
61,9,272,84
52,15,279,82
52,7,273,80
49,6,271,91
49,6,269,97
64,8,270,91
53,0,276,84
53,17,264,94
64,0,276,90
55,11,272,86
58,2,279,93
60,0,261,83
52,7,261,90
52,6,261,95
64,0,267,99
51,12,268,83
53,6,276,95
51,5,278,93
56,6,265,97
65,4,276,88
66,13,276,82
49,13,267,93
55,15,265,89
65,0,268,84
69,7,268,90
52,14,281,80
63,0,272,85
54,0,263,96
56,12,263,91
54,11,279,96
70,15,279,93
51,14,276,88
47,16,265,86
59,8,267,85
49,12,266,83
63,12,275,95
59,12,279,79
48,10,262,93
60,4,262,79
59,2,265,90
54,3,273,81
52,0,274,87
59,4,270,79
61,7,276,82
61,8,274,88
57,4,277,88
63,0,264,93
60,4,279,81
51,12,272,83
48,6,271,96
56,1,274,81
60,11,273,84
56,8,262,94
61,1,278,88
48,10,281,78
48,6,271,95
47,7,275,89
54,19,274,93
52,13,277,82
63,19,278,93
62,16,268,88
52,12,268,93
58,1,278,96
52,0,267,85
50,4,274,83
49,13,270,87
56,6,263,83
64,0,275,83
56,4,266,97
50,0,275,87
47,5,276,86
63,14,265,92
64,14,265,80
64,11,265,92
59,17,275,80
66,17,263,96
62,15,270,93
55,19,278,88
61,15,276,90
48,5,270,83
57,1,265,79
51,6,267,82
49,5,277,85
65,2,277,90
55,7,267,80
58,5,263,92
47,15,264,90
57,0,269,81
52,3,263,90
57,4,262,79
47,0,277,90
60,10,263,87
50,12,274,85
56,8,266,77
47,1,274,88
62,15,267,89
47,15,266,82
63,15,263,88
45,8,267,79
65,17,272,76
61,13,270,79
54,3,263,77
50,10,273,77
67,13,273,80
45,1,274,82
54,16,272,80
56,16,274,82
59,12,266,75
60,12,262,79
56,2,271,75
63,12,268,90
52,0,268,87
67,10,265,81
60,0,270,84
52,19,271,90
62,13,271,90
67,10,268,88
50,13,277,84
65,8,263,85
61,0,267,77
56,4,261,92
62,4,275,89
67,8,271,93
59,9,268,95
58,9,270,84
55,15,276,91
50,6,270,86
55,11,276,86
59,10,268,82
69,11,277,88
51,15,279,88
55,19,278,91
51,0,280,77
62,8,262,77
68,16,276,86
59,10,268,75
64,12,265,93
50,1,268,88
62,15,277,88
67,4,269,90
69,2,267,84
69,3,270,80
52,11,279,91
51,5,274,89
54,0,279,84
61,14,262,77
60,10,265,77
49,6,271,77
67,13,266,88
67,9,274,88
60,10,263,87
60,10,279,89
60,10,275,82
62,15,279,83
51,11,279,89
57,16,273,84
67,11,274,76
58,12,272,89
56,15,265,80
52,13,268,84
60,14,275,80
59,3,277,89
67,11,263,84
53,14,269,80
61,2,266,91
56,6,276,79
65,7,279,88
52,10,277,76
59,19,271,80
67,17,273,80
49,16,270,88
61,3,274,84
62,7,280,84
63,0,263,85
61,12,266,85
58,7,280,90
66,17,276,83
50,16,272,91
56,12,268,85
54,0,265,92
60,4,271,78
65,12,266,87
61,4,267,81
56,3,265,82
63,14,274,88
53,16,266,76
48,16,274,78
58,8,268,78
63,15,272,81
62,11,272,86
67,15,278,80
52,16,276,90
52,0,267,89
62,2,275,94
60,3,273,86
60,14,275,91
65,12,265,89
64,4,262,85
52,16,270,91
52,7,271,97
63,12,270,98
60,10,275,95
56,6,263,93
51,12,277,84
61,0,274,92
62,2,271,97
64,0,273,92
58,7,263,83
56,4,271,92
70,12,276,86
66,9,271,97
69,1,270,94
55,13,276,92
56,12,274,99
62,15,279,88
58,16,272,91
58,1,266,91
64,16,276,92
51,1,264,92
63,0,274,96
52,6,279,93
66,8,268,87
69,16,275,93
65,16,276,88
60,9,269,84
51,11,267,88
65,1,270,84
58,3,263,82
52,2,267,87
59,4,275,94
52,12,270,81
71,0,277,88
51,0,263,97
56,7,277,85
60,6,267,82
62,0,262,99
67,2,268,87
48,5,270,94
67,0,272,84
51,15,276,96
47,10,274,86
69,11,280,82
58,11,265,96
59,17,280,83
63,0,278,92
60,18,281,81
60,19,280,92
66,17,279,88
69,11,272,86
66,4,268,89
65,12,262,86
62,10,270,84
53,1,276,92
58,1,268,86
48,15,275,87
62,7,279,83
53,6,267,83
65,0,274,84
54,19,277,89
48,15,281,87
56,2,263,79
67,15,265,96
67,9,278,96
62,0,278,87
69,11,269,82
52,1,270,95
65,7,273,89
50,11,273,93
69,15,264,81
48,1,276,87
69,15,269,92
57,8,271,79
66,16,269,82
61,9,268,95
47,16,269,82
55,11,276,95
51,2,264,86
55,0,274,92
54,15,279,87
57,12,274,95
46,11,281,77
60,10,261,92
50,11,281,91
59,3,277,92
48,19,263,92
65,9,268,84
55,3,277,80
63,11,263,80
54,9,270,95
65,13,274,79
49,4,266,88
62,4,279,89
57,12,266,91
56,2,281,81
52,6,265,82
43,9,264,89
48,8,268,82
46,1,274,96
62,10,279,97
56,6,281,93
57,2,278,84
58,9,279,87
60,0,267,93
48,1,264,83
64,12,268,82
60,11,281,95
62,17,265,92
65,0,274,92
60,0,265,96
54,16,270,94
48,0,279,89
48,6,271,96
60,2,269,79
59,16,276,91
64,16,276,79
45,15,279,90
55,1,279,88
60,6,263,85
55,11,274,78
48,8,273,84
63,2,277,92
63,0,277,91
54,0,277,83
58,11,264,89
67,0,278,90
63,17,279,91
64,1,268,86
59,3,277,85
63,13,279,89
65,0,278,92
46,0,263,94
56,15,279,83
60,6,281,81
64,16,266,80
49,13,275,92
53,7,275,80
62,19,264,93
45,9,272,79
48,1,266,84
58,12,271,83
54,11,274,89
63,7,276,92
47,10,272,84
49,8,263,83
57,13,268,93
54,19,265,96
64,11,272,84
61,6,281,93
49,11,276,86
53,12,269,79
62,7,279,92
54,13,270,91
58,10,268,79
66,12,265,94
69,1,266,87
70,11,276,84
61,15,265,88
61,13,265,84
64,5,276,94
65,13,270,83
62,9,278,91
63,11,275,81
60,8,275,90
54,12,276,88
70,12,274,99
56,0,271,92
68,1,266,83
55,16,277,84
55,1,266,82
55,16,274,90
54,1,268,87
67,11,279,96
66,10,279,94
68,12,264,97
66,1,270,97
57,12,272,90
54,4,266,87
52,5,266,86
68,11,268,90
66,4,277,97
69,5,276,98
65,5,274,86
51,17,266,88
65,9,266,97
64,8,268,95
68,12,271,95
58,0,274,79
71,16,267,92
61,16,273,84
64,16,272,86
53,7,273,88
54,2,271,83
52,1,272,86
55,19,277,96
63,15,277,89
71,3,270,82
71,15,278,83
71,3,272,84
67,4,272,82
51,15,272,84
69,16,274,92
61,16,264,83
60,6,281,96
60,0,263,97
60,12,276,87
58,15,262,93
69,0,272,84
60,7,263,97
62,16,268,86
67,11,271,86
50,8,262,90
55,5,274,92
64,4,279,85
56,2,270,79
67,16,266,87
58,1,279,79
50,8,276,95
56,12,271,81
60,14,263,91
58,11,263,80
62,15,273,83
51,1,279,86
62,12,263,89
58,0,279,81
49,4,269,95
47,12,274,81
53,2,275,84
60,7,275,80
51,4,266,95
59,11,274,80
47,9,265,88
61,12,263,91
62,6,267,93
56,4,279,77
59,12,267,83
55,0,278,92
60,11,279,96
59,0,268,84
67,0,269,90
58,1,266,86
56,15,265,90
64,0,270,84
47,3,279,92
54,9,280,93
64,8,275,93
49,0,277,88
58,14,279,95
63,6,275,79
71,14,265,90
63,1,277,90
60,19,277,86
53,11,272,92
65,4,279,91
64,0,274,87
69,9,276,87
65,3,265,82
58,5,265,84
60,15,275,80
59,17,278,92
67,16,271,99
58,3,275,92
60,0,280,82
62,15,273,97
54,11,281,83
60,0,263,95
58,7,276,85
58,19,279,87
68,4,281,91
69,16,264,86
60,12,264,95
68,8,271,95
58,8,278,88
71,17,263,84
61,16,268,79
64,7,265,83
60,0,279,81
57,12,265,81
62,4,265,91
51,5,272,86
51,17,278,94
61,11,278,92
50,8,268,87
67,16,278,92
67,2,272,86
67,15,277,86
66,16,279,92
65,16,266,89
66,12,268,87
56,5,264,95
59,8,268,95
54,16,276,86
49,12,274,79
56,11,270,96
67,0,279,84
46,0,279,93
56,8,262,98
51,17,266,89
55,2,278,84
48,10,277,83
50,17,263,80
46,0,275,96
49,0,271,87
47,7,278,91
60,6,263,90
59,11,277,92
53,15,279,86
47,9,264,92
62,10,275,93
55,13,273,92
63,13,266,95
62,3,265,85
50,19,262,96
67,3,273,80
49,0,268,84
55,1,270,81
56,2,279,81
53,8,276,87
53,0,271,80
56,4,277,91
48,2,264,91
67,3,274,89
49,8,264,94
47,13,272,80
50,19,277,93
54,13,264,81
57,0,264,92
54,17,280,82
62,1,276,84
59,17,279,92
56,11,275,82
62,2,263,79
64,10,276,82
61,9,264,91
47,16,266,80
62,4,270,95
57,8,271,87
56,6,276,84
43,1,277,88
55,10,270,79
59,8,266,92
59,15,278,86
67,0,269,80
48,7,277,85
46,4,268,86
63,9,279,90
52,10,263,89
62,5,279,92
63,0,279,92
63,0,272,86
54,15,267,90
63,17,273,80
65,17,276,92
64,5,265,86
63,15,279,90
49,16,272,90
51,8,265,79
61,7,277,80
52,14,279,77
56,7,279,91
65,12,267,88
63,0,279,88
60,14,279,77
52,11,265,91
63,0,279,80
47,17,279,91
53,8,273,78
45,1,268,78
59,6,270,82
57,2,266,82
47,4,274,78
59,17,268,80
48,5,264,86
61,0,272,84
47,1,277,83
52,2,275,87
55,0,279,91
48,2,270,78
51,13,276,84
61,0,279,80
44,15,281,77
52,15,265,86
43,5,280,77
52,14,281,77
46,5,279,80
52,6,267,76
51,16,274,78
48,12,270,89
47,19,279,91
60,0,274,82
49,11,265,84
55,10,271,85
49,4,275,93
56,6,265,94
51,10,270,87
57,8,270,83
47,0,274,88
58,13,272,91
47,0,275,89
56,4,273,87
42,16,266,78
61,4,266,78
55,11,264,80
41,11,265,79
51,16,272,78
56,12,262,85
56,12,277,91
46,0,279,78
48,6,266,87
61,16,276,84
48,8,271,77
43,5,266,78
50,1,281,76
46,6,262,77
57,0,276,84
48,11,281,81
52,14,277,77
52,6,276,89
61,16,276,84
57,16,274,84
53,12,270,91
50,6,269,73
53,12,268,74
44,15,265,76
61,15,275,76
49,11,272,87
56,6,261,73
54,2,268,82
39,13,279,84
41,10,278,84
47,16,272,84
55,0,276,74
54,13,278,87
55,15,276,73
47,3,268,84
52,4,262,75
49,8,269,76
47,7,272,85
52,3,265,71
44,4,269,87
53,3,265,74
38,16,275,79
50,6,270,83
42,8,266,79
41,2,266,91
48,16,276,82
48,12,274,89
48,6,279,89
56,16,270,79
38,1,266,80
58,9,279,88
44,4,271,83
38,8,265,81
54,15,277,88
44,6,275,75
45,16,266,76
57,16,276,84
53,16,277,84
58,8,272,79
47,5,273,79
55,6,272,77
39,11,269,76
44,12,263,83
46,19,271,75
53,5,267,84
47,17,279,76
47,16,272,79
48,6,265,75
58,8,265,82
61,11,266,76
51,16,273,79
47,11,273,78
42,16,276,80
63,15,272,76
43,9,275,76
58,15,268,76
61,7,277,76
41,17,274,80
50,12,266,77
62,7,263,90
47,13,261,96
61,9,277,84
63,15,274,88
61,9,268,91
61,11,276,78
52,6,275,92
59,8,270,94
43,0,280,85
54,4,270,94
63,11,279,90
55,15,267,96
52,0,267,92
50,12,270,95
63,8,262,79
55,1,266,82
50,1,280,91
54,3,273,96
50,10,273,79
45,12,268,81
64,10,271,97
55,3,278,91
52,19,272,85
66,7,267,84
46,5,274,96
53,12,267,87
53,10,268,78
48,16,272,79
60,5,266,82
46,11,271,80
54,9,273,92
61,2,270,93
55,16,272,84
67,8,268,77
49,15,277,88
66,16,265,84
57,12,268,89
56,1,279,84
56,18,262,92
53,2,270,92
47,13,270,84
58,16,269,84
49,8,263,95
50,9,267,86
50,15,279,91
65,0,277,85
52,12,264,77
61,12,264,95
52,8,272,78
67,7,279,90
63,12,274,77
50,8,279,95
65,8,271,87
47,15,272,84
55,9,276,95
65,4,276,88
47,15,267,80
45,0,273,86
63,0,279,84
52,3,265,78
57,0,279,78
61,12,266,95
49,10,261,93
52,19,269,85
52,1,262,82
62,5,264,78
63,17,276,90
54,1,267,83
60,12,276,91
53,6,273,91
53,12,271,81
54,3,276,80
58,6,267,88
59,12,263,83
54,7,263,96
56,3,273,89
48,7,278,87
58,15,270,93
64,16,274,84
52,0,279,79
57,3,276,84
59,17,267,84
47,0,263,81
48,0,270,79
47,15,269,90
65,0,274,89
50,6,271,85
55,16,277,80
62,12,272,90
51,4,270,77
64,16,277,84
61,8,272,90
47,15,274,84
64,12,265,87
47,15,271,88
54,0,279,89
48,6,281,94
51,10,270,85
50,6,269,94
53,4,270,87
64,12,273,88
64,16,267,78
58,6,267,84
47,3,265,93
55,16,265,84
64,17,277,88
43,0,275,76
63,11,278,80
44,8,272,79
65,6,269,88
54,3,268,88
56,10,267,82
46,7,278,88
56,18,272,77
63,17,277,84
58,12,274,94
53,4,279,90
41,17,277,89
61,2,264,95
64,16,272,86
51,5,272,84
56,4,263,93
42,0,274,88
42,1,279,80
48,14,265,91
60,14,273,91
50,0,265,77
56,12,263,91
56,0,278,89
54,9,276,84
65,16,275,88
48,2,271,79
64,17,272,78
50,2,270,87
58,1,264,87
43,18,264,85
61,7,269,79
61,17,278,90
61,11,272,88
42,4,277,88
56,10,263,91
60,6,275,81
60,12,276,84
46,0,272,88
46,7,274,83
56,10,281,92
58,13,276,85
64,16,266,84
60,2,269,93
56,6,267,85
62,12,275,93
50,0,279,80
54,3,275,89
50,12,263,95
61,4,271,93
63,4,270,83
47,4,276,80
54,1,281,89
60,8,266,93
45,16,266,89
67,0,270,81
62,9,272,77
53,6,267,77
59,0,268,80
52,0,278,86
60,4,273,91
66,2,274,79
59,0,272,81
54,0,273,93
60,14,279,81
46,7,279,80
52,0,262,93
56,6,279,93
57,11,274,82
48,11,274,84
48,9,266,83
65,3,266,80
57,16,272,82
51,8,264,79
49,2,268,77
43,16,279,80
59,17,278,80
64,16,273,76
59,12,272,75
47,15,271,83
49,7,277,84
47,14,275,88
48,8,274,79
62,16,275,77
52,12,262,90
56,6,261,77
49,13,264,78
56,4,279,93
54,4,264,90
47,18,278,88
41,8,276,88
52,6,279,75
64,16,268,76
48,16,265,79
61,11,273,84
64,1,266,84
59,15,279,80
49,17,277,85
48,8,266,91
43,7,276,78
54,9,263,80
56,6,274,86
48,4,269,91
58,4,274,90
41,0,276,84
55,17,264,88
50,4,276,82
54,16,266,82
53,0,269,75
55,2,268,87
64,12,269,82
60,8,264,93
55,10,276,78
47,12,274,86
47,17,264,88
57,0,266,76
58,15,269,75
43,0,272,88
52,4,279,77
54,16,266,82
51,0,278,89
53,13,264,77
46,4,261,77
59,4,268,83
45,16,273,88
48,0,270,75
42,5,270,82
39,3,279,87
59,16,266,86
57,13,269,78
58,8,270,94
64,13,276,88
59,8,262,86
59,8,274,88
47,11,263,80
39,15,273,82
55,8,266,79
55,0,267,90
54,15,279,80
46,0,261,86
60,4,266,93
47,12,268,79
56,8,268,95
59,1,268,84
63,0,278,80
56,6,263,83
45,2,265,88
44,10,279,75
52,4,263,87
49,8,266,87
61,4,268,90
64,1,276,84
47,9,276,81
47,7,274,89
52,12,274,81
46,7,273,89
60,7,275,80
52,0,263,89
48,12,266,87
44,11,261,93
47,0,279,80
46,14,279,87
46,15,277,83
52,3,263,91
61,0,274,75
65,13,276,86
48,9,266,87
50,16,269,79
63,9,264,86
47,16,277,88
48,7,277,82
63,5,265,89
48,15,272,88
54,16,272,84
61,4,268,89
62,8,268,87
57,13,272,77
60,6,275,93
64,2,276,82
59,15,275,77
53,11,274,82
54,6,272,83
48,4,281,81
57,16,272,78
49,5,268,84
63,19,273,85
62,15,276,82
66,11,275,80
66,13,274,85
47,6,273,78
67,13,276,76
63,8,263,87
50,9,271,91
64,9,273,80
47,3,277,77
66,17,275,82
55,1,267,80
47,17,267,89
50,16,274,86
48,0,272,79
47,14,268,77
44,3,276,88
52,15,281,77
56,4,262,83
65,13,275,80
67,11,269,81
55,10,276,78
50,9,276,86
66,4,276,87
66,12,268,93
52,15,278,80
55,2,277,80
51,0,273,79
61,0,275,84
75,16,265,82
68,15,277,83
80,4,270,90
73,12,270,93
74,3,279,93
71,19,267,89
68,7,277,78
82,11,276,86
80,16,276,86
82,8,266,79
79,1,269,90
78,7,269,84
88,8,274,81
89,8,276,82
87,17,275,80
89,10,272,84
88,12,271,93
88,14,263,79
95,11,266,88
88,16,272,84
96,1,268,95
83,2,277,88
82,19,279,90
103,14,279,82
92,4,267,85
97,1,268,87
106,19,264,86
102,16,266,86
98,7,269,85
95,14,266,77
99,0,279,88
103,19,280,88
89,0,263,75
94,13,279,80
91,17,279,84
85,7,272,76
103,15,277,88
87,6,266,78
102,1,279,89
87,5,269,89
97,4,263,81
102,13,264,78
93,15,263,86
101,11,272,84
88,14,275,89
100,15,277,75
95,0,267,88
100,4,262,79
101,4,275,91
113,6,275,79
109,7,279,85
102,3,276,75
107,0,279,80
117,14,275,76
115,0,270,75
115,1,279,81
117,9,267,72
128,16,268,78
119,1,274,85
129,1,266,78
129,16,270,74
125,4,279,81
124,6,282,87
132,4,273,74
124,6,267,87
143,0,279,84
141,12,263,85
129,9,276,71
126,11,263,80
141,9,274,87
136,4,265,71
119,7,278,81
136,8,270,87
126,9,269,80
135,16,272,82
131,9,279,74
133,3,277,84
121,5,269,76
123,13,276,77
125,8,271,82
122,12,271,87
141,11,272,88
141,4,271,82
139,8,274,71
140,6,281,89
142,3,274,86
153,15,272,80
153,8,280,89
144,17,266,80
152,7,281,75
145,13,272,88
150,1,270,91
141,16,277,78
152,4,267,87
142,3,266,80
155,17,277,88
150,3,281,76
140,9,263,83
158,3,277,92
157,0,277,82
155,3,265,88
169,17,280,80
154,6,269,85
169,11,267,79
167,15,278,81
158,11,267,83
164,0,274,88
175,0,267,92
171,8,281,91
175,0,266,92
169,12,272,99
162,6,270,90
152,8,266,89
162,10,279,96
166,8,273,91
152,2,270,94
153,8,270,99
148,7,269,92
156,0,263,95
156,2,271,87
148,6,273,93
151,17,281,98
154,12,266,91
145,0,276,92
152,6,275,107
163,4,271,106
163,0,275,110
159,3,278,114
151,0,273,108
148,15,281,121
146,0,277,118
160,8,270,123
158,15,281,120
143,15,263,108
152,0,273,113
156,16,276,110
149,16,266,117
152,0,281,113
143,0,269,108
144,10,270,116
149,17,280,110
171,12,268,120
171,11,272,112
155,15,274,120
154,11,263,120
149,14,281,106
156,2,271,120
165,16,276,105
160,0,279,121
155,5,276,118
158,15,279,115
161,15,281,105
159,5,273,109
166,15,279,112
166,12,271,113
165,7,277,108
151,3,271,114
162,16,268,102
151,17,269,106
151,17,278,104
157,16,278,108
163,6,268,103
147,17,278,109
155,0,268,101
154,6,269,97
148,9,273,113
158,1,279,99
148,2,263,112
160,2,271,108
158,3,277,105
144,11,279,112
150,17,272,112
156,1,281,114
150,7,271,120
154,12,270,123
160,4,271,115
165,8,271,123
165,6,270,122
183,18,278,127
185,0,280,129
182,12,266,129
179,15,276,128
175,0,281,128
181,10,274,132
199,0,280,130
186,0,268,147
198,11,280,146
192,14,282,137
201,12,266,135
193,4,274,147
198,13,268,132
191,15,272,133
183,19,274,131
190,10,271,130
196,13,268,143
193,3,270,145
197,17,268,132
193,16,271,138
183,2,272,131
195,9,274,142
187,14,269,132
204,8,267,132
196,0,279,135
194,12,272,137
192,8,268,139
203,9,278,138
191,1,278,134
191,10,266,135
187,12,270,135
181,16,267,136
181,16,279,132
197,5,266,140
189,10,265,141
182,8,278,133
191,13,279,145
184,10,263,144
198,10,272,132
199,5,270,140
195,16,271,130
189,13,268,136
183,0,274,132
187,0,266,129
174,18,271,139
171,13,268,138
166,16,268,124
183,16,270,132
167,0,268,133
176,12,264,130
173,6,268,123
172,12,266,119
172,8,263,121
170,2,276,124
162,0,274,128
168,12,279,129
168,10,281,119
154,6,271,135
171,1,280,129
161,10,277,121
156,19,270,125
155,17,264,132
167,0,276,138
147,11,280,133
167,0,273,131
161,4,278,135
157,1,269,144
154,7,278,141
160,0,277,132
144,0,263,138
146,8,274,135
148,10,271,139
145,16,276,127
165,0,264,132
168,4,269,134
168,0,271,135
167,0,271,127
171,7,273,142
166,16,276,134
185,1,280,138
189,8,274,144
173,16,275,132
178,1,269,145
170,0,276,131
182,0,264,140
184,4,263,128
181,2,268,135
191,15,279,144
179,13,273,132
197,17,263,131
195,17,277,140
182,15,263,129
186,15,263,133
184,6,271,129
187,10,272,132
181,12,276,136
199,10,272,134
197,4,268,141
198,9,266,134
207,7,265,134
202,1,273,137
208,6,277,131
193,3,279,130
206,7,267,135
201,0,275,135
202,1,263,135
205,0,270,149
215,16,276,148
205,2,275,150
213,2,281,144
211,7,275,144
206,11,279,149
208,8,265,153
215,15,274,152
209,2,281,139
205,14,264,146
199,3,271,140
199,2,270,146
191,17,266,156
206,11,265,145
208,7,267,149
221,12,272,159
224,1,270,159
224,6,272,148
215,14,275,156
217,6,268,161
234,1,272,158
239,7,267,159
228,1,281,163
227,4,268,172
222,12,265,177
227,16,272,175
225,3,270,174
217,4,268,189
223,0,279,181
220,13,273,179
214,1,276,181
226,6,275,185
227,15,265,175
222,17,280,185
213,15,266,180
220,1,266,172
229,11,266,182
210,0,268,184
222,1,275,172
210,10,275,184
219,12,270,181
219,10,266,167
218,12,266,167
208,2,275,166
201,16,274,164
217,3,279,172
208,10,268,175
205,8,274,179
202,2,276,170
193,17,277,175
209,3,264,168
201,8,270,179
187,14,263,174
193,4,271,163
198,5,281,178
192,8,273,175
203,15,275,177
190,0,267,185
205,3,276,188
190,2,271,187
188,0,269,190
193,12,270,190
200,17,272,178
199,0,272,181
181,7,263,184
178,10,262,191
188,13,264,185
188,6,271,192
205,4,271,201
208,2,268,191
190,13,269,193
197,16,269,202
200,19,263,190
203,12,269,194
209,1,272,201
208,8,268,206
206,0,273,195
210,16,278,204
202,11,280,208
200,2,262,192
202,0,263,205
200,12,267,193
206,13,270,208
222,3,271,198
225,16,273,206
242,12,265,219
244,1,273,209
253,18,280,221
251,0,266,216
268,17,268,218
287,6,273,210
283,7,275,223
299,0,278,230
309,1,277,231
337,16,276,237
345,4,271,238
348,12,266,249
341,4,265,237
346,16,277,244
333,17,279,240
343,0,263,247
345,12,275,238
353,0,272,238
359,0,274,245
353,8,271,258
350,3,279,250
347,16,276,247
353,11,277,255
352,9,276,250
381,10,272,250
400,6,268,263
398,11,274,266
414,12,263,275
415,15,268,284
404,4,263,274
401,17,266,281
408,1,280,285
430,4,272,291
425,14,266,278
448,7,275,285
441,0,273,286
452,6,276,279
455,9,264,276
452,12,274,274
448,1,276,280
446,4,266,275
446,3,278,276
439,4,273,282
424,0,272,273
429,2,281,279
419,7,274,272
414,13,268,263
411,7,274,266
413,14,273,273
411,7,265,271
401,17,267,260
399,17,268,256
404,4,267,265
413,1,268,256
411,1,266,253
396,0,271,262
391,9,268,260
399,10,276,254
399,0,273,264
395,1,272,247
385,11,263,258
378,5,269,246
377,2,263,257
378,4,273,249
368,12,275,251
378,4,266,239
373,0,272,240
366,6,271,235
350,5,278,236
354,13,269,238
371,12,265,245
367,0,279,242
372,0,262,238
380,12,274,239
381,16,270,231
363,7,272,238
370,6,281,234
362,13,275,228
379,16,264,229
384,12,278,227
395,14,271,235
398,11,269,248
433,16,274,242
430,16,264,239
427,2,270,237
436,13,274,234
417,1,268,232
426,11,276,230
436,2,267,235
459,5,274,236
460,18,271,251
468,7,281,255
467,15,276,248
455,0,275,239
463,15,275,250
466,10,268,250
455,8,266,251
461,3,277,250
442,7,279,261
457,6,275,258
470,7,279,245
483,4,281,252
499,7,263,245
519,11,277,257
521,2,269,254
518,2,281,256
528,2,281,260
551,2,279,250
575,0,281,247
585,9,265,251
587,7,269,251
589,2,264,247
594,15,268,246
600,16,273,252
596,16,272,255
588,0,276,244
583,6,278,247
583,12,271,247
575,2,275,238
558,0,272,236
557,0,269,243
556,8,279,239
540,16,268,238
553,16,276,239
536,1,268,227
553,2,279,240
534,3,263,228
543,2,270,234
538,15,278,232
529,16,264,247
513,12,280,241
512,8,281,235
510,0,279,241
509,10,271,231
499,14,271,240
498,3,280,235
490,12,262,239
490,4,263,239
493,4,264,237
487,0,265,224
482,6,279,230
480,2,264,222
470,17,276,224
459,19,267,240
467,6,281,242
470,13,268,234
472,3,277,238
458,13,271,233
450,13,277,232
471,16,268,245
488,19,270,242
516,16,276,251
560,15,274,272
590,4,269,270
612,10,282,285
604,3,272,277
610,4,263,280
614,3,266,293
646,14,267,308
659,7,272,314
644,2,279,321
662,13,276,316
647,13,276,311
636,0,277,324
648,11,276,323
657,12,283,332
651,12,274,331
652,1,280,320
657,10,272,335
649,5,270,334
660,12,270,324
654,0,269,332
653,16,277,339
647,1,265,333
650,6,283,335
649,12,271,349
654,12,283,363
638,7,269,357
650,12,268,369
655,12,282,372
640,2,275,368
649,7,283,361
649,6,283,375
650,12,273,374
654,19,272,370
652,11,267,362
662,9,278,359
670,16,278,367
668,15,280,364
666,0,273,358
657,7,269,350
664,17,267,354
660,11,268,351
655,12,281,350
657,7,280,346
665,17,278,356
672,7,266,346
655,12,274,346
646,4,271,345
668,0,269,340
644,7,283,336
663,16,271,337
664,1,266,344
659,12,280,335
654,3,281,344
654,5,280,338
652,8,267,330
638,0,268,343
665,0,274,332
668,13,276,335
653,4,267,330
651,2,276,326
657,19,267,328
666,1,268,332
639,10,283,326
652,19,283,328
665,14,267,336
660,17,268,332
664,0,272,325
645,15,273,324
641,6,271,335
656,16,276,322
661,13,273,323
653,4,279,313
662,16,266,325
658,12,279,317
650,6,277,304
654,9,270,317
652,16,280,306
661,8,268,307
661,15,272,296
670,7,277,302
655,0,270,296
642,2,279,298
661,10,269,299
652,4,283,307
640,12,269,298
632,4,267,298
636,12,274,298
635,0,281,292
660,17,277,288
649,12,265,282
655,0,278,295
645,4,283,291
656,1,266,304
653,5,284,304
647,14,277,302
653,3,272,320
642,6,269,309
655,4,279,310
662,1,268,309
659,0,273,320
664,4,277,320
647,6,273,318
649,16,274,318
653,0,280,328
647,7,267,336
662,10,272,323
662,3,274,323
659,12,265,324
672,0,280,333
672,15,274,324
660,5,270,328
671,17,272,336
657,8,268,331
650,16,268,327
647,0,265,329
643,0,266,336
654,19,269,350
662,12,269,350
649,17,266,345
650,16,272,343
641,15,273,348
656,13,275,341
662,15,279,341
668,6,272,335
658,3,277,340
657,11,276,342
654,0,283,331
652,0,277,341
658,9,278,342
653,11,270,344
655,16,275,334
655,0,265,339
657,12,271,329
649,8,278,339
659,16,274,326
661,8,272,327
662,11,280,323
648,3,277,319
652,0,281,323
636,0,277,335
656,12,274,325
654,12,279,327
657,4,279,313
665,17,272,316
668,0,274,316
662,5,265,313
662,11,277,318
667,12,268,308
660,2,279,311
655,6,279,309
643,2,282,329
645,17,281,322
672,9,278,340
653,7,272,338
667,5,279,347
668,6,281,356
665,9,268,356
651,12,271,349
661,15,273,350
665,11,283,344
672,13,266,350
654,14,280,355
647,8,267,371
650,12,269,395
625,16,280,408
629,7,281,453
623,19,284,497
622,16,278,528
608,11,270,570
594,8,276,591
604,6,281,594
595,0,283,596
579,3,273,590
577,10,280,588
582,4,270,579
578,6,270,617
561,7,283,644
554,0,270,640
566,0,278,657
562,17,274,668
549,10,285,659
536,1,281,658
534,4,273,652
530,12,274,657
541,4,267,668
532,8,279,670
522,12,270,668
524,6,285,663
529,10,275,654
512,10,267,662
508,19,279,655
515,2,278,664
502,3,272,654
491,1,265,666
493,15,279,657
497,8,274,668
482,1,269,655
481,1,280,651
469,7,267,658
468,2,267,666
464,4,281,664
473,9,278,670
479,13,270,658
462,8,271,665
468,3,276,647
479,0,273,646
469,5,283,651
476,3,269,648
484,12,271,656
472,7,280,661
473,0,277,664
480,2,270,657
479,16,273,641
488,0,282,650
493,19,269,652
488,1,274,658
485,0,278,670
486,1,276,660
488,10,272,669
497,4,283,663
485,0,279,660
473,2,275,655
473,13,282,652
481,12,270,654
478,17,274,647
479,4,281,657
475,15,269,648
464,16,270,670
473,17,275,655
482,2,276,659
478,9,281,643
470,16,273,643
462,8,274,672
453,13,272,662
447,13,276,672
445,8,274,672
439,3,281,643
434,15,269,647
449,8,274,668
446,8,274,659
445,12,279,662
423,11,276,643
425,12,274,669
419,17,270,650
426,16,271,660
412,6,271,664
412,8,267,669
417,10,274,672
431,14,270,657
431,10,274,653
451,12,271,668
447,15,267,652
441,16,280,659
431,12,270,672
436,7,269,654
435,12,271,664
428,4,271,660
428,12,283,652
416,0,279,657
412,17,283,648
394,7,279,653
400,6,277,658
406,11,272,657
401,4,277,658
387,19,267,660
388,0,282,662
388,6,283,653
392,12,270,668
394,2,274,669
395,1,276,667
381,0,275,638
378,0,283,655
381,6,267,658
376,12,267,649
372,17,267,633
368,8,266,628
365,4,281,623
363,4,270,620
349,9,269,603
350,1,274,607
356,2,270,601
346,7,267,588
338,8,283,588
346,4,279,582
328,4,276,578
333,10,280,564
331,2,274,555
340,6,274,556
335,0,277,546
324,14,282,539
324,7,283,543
328,12,267,533
338,4,277,532
348,1,272,510
341,13,282,516
344,11,271,503
342,3,266,500
336,12,279,497
336,12,270,493
328,8,278,482
339,1,282,483
333,0,280,472
325,7,280,474
336,7,283,463
337,12,280,456
333,4,266,461
327,11,268,444
324,8,266,454
308,16,278,447
321,1,274,444
307,9,279,437
304,4,275,423
301,0,272,419
294,9,275,425
304,12,280,416
289,8,266,409
286,0,283,403
284,8,272,406
286,19,283,391
282,4,266,387
300,6,269,383
290,19,281,387
292,1,273,383
293,8,279,373
290,4,272,372
284,3,283,374
291,16,280,359
289,0,277,364
280,6,265,365
274,10,278,354
283,16,281,354
279,16,274,346
272,6,278,349
281,17,272,343
265,13,281,333
262,2,277,327
258,1,280,329
264,0,270,336
261,12,278,327
275,1,280,321
262,13,283,330
256,2,265,328
270,9,267,324
265,12,274,315
249,3,278,321
263,4,268,307
252,19,282,314
255,12,270,303
261,13,278,308
255,17,265,296
253,8,272,303
266,2,281,291
275,5,267,293
264,16,276,284
271,11,278,294
274,8,270,294
273,5,267,286
267,17,278,280
260,0,271,276
255,16,273,274
267,6,268,274
267,1,265,268
248,2,272,271
243,9,275,262
244,6,283,267
240,2,274,256
252,9,269,253
248,8,272,258
240,2,279,260
235,5,279,251
241,17,279,243
242,4,280,243
249,3,268,240
243,11,270,241
228,8,270,231
223,5,273,235
238,4,271,234
246,0,274,228
230,2,269,239
245,16,274,230
239,13,267,235
235,6,282,235
243,9,281,218
232,8,267,231
225,3,276,218
231,0,279,219
225,1,280,220
225,8,275,214
224,15,274,220
225,6,283,215
230,8,276,206
218,3,270,216
224,8,264,211
225,14,277,212
203,11,279,210
199,3,281,198
212,12,274,195
202,16,274,198
197,0,273,194
201,10,271,190
197,14,272,200
199,11,265,187
208,8,276,191
194,6,271,199
190,13,271,184
205,12,270,198
195,11,272,188
190,0,267,182
203,7,272,188
197,8,275,191
191,17,265,187
182,5,268,187
184,4,266,173
183,17,277,181
190,9,280,184
177,13,270,175
173,9,277,174
175,0,280,172
184,3,268,172
174,6,263,177
185,5,275,176
169,6,274,168
180,4,268,167
166,19,271,166
172,8,263,157
169,16,269,168
162,13,276,169
166,11,275,166
167,3,274,165
164,2,268,155
159,5,265,156
153,16,272,154
155,16,272,156
169,7,280,154
160,12,271,157
154,16,266,152
156,14,269,161
149,13,267,144
156,14,281,143
162,16,274,149
150,0,263,155
151,19,273,145
150,14,277,145
160,3,270,142
146,18,269,143
144,12,265,146
139,9,277,144
148,4,263,141
135,9,275,144
146,10,266,141
131,11,269,141
135,11,263,146
141,8,269,145
129,15,264,138
140,8,262,131
143,15,265,134
130,0,273,143
147,0,266,141
137,0,278,128
126,14,272,133
139,3,271,136
136,0,279,124
123,8,266,133
122,12,274,141
132,16,270,134
132,16,272,125
127,17,279,124
118,6,278,129
130,5,277,129
125,8,262,119
111,17,277,132
126,0,263,128
125,13,266,127
114,14,281,119
130,12,268,122
131,7,271,133
130,8,268,131
130,0,276,120
114,6,272,123
114,19,273,131
126,8,266,131
116,15,266,128
117,1,266,119
118,4,279,113
110,0,273,113
123,14,270,116
106,7,279,125
109,17,269,120
110,4,266,123
119,7,279,122
115,2,264,114
108,15,271,128
114,6,277,128
99,11,278,117
114,6,261,119
116,2,266,111
111,0,263,112
108,10,277,118
112,4,268,107
115,7,279,112
102,16,264,111
101,11,272,108
93,0,273,109
109,19,277,105
105,2,271,118
98,6,274,109
97,8,269,105
106,12,266,103
109,14,272,114
106,7,279,119
101,10,277,106
110,15,268,103
105,6,271,109
109,11,273,104
106,7,271,103
95,3,275,102
98,17,263,112
105,13,275,102
107,5,277,109
96,1,275,108
95,9,276,104
87,13,266,100
100,0,270,102
90,19,271,115
91,16,274,102
104,7,279,112
109,1,265,105
107,12,273,108
92,15,266,107
99,17,268,109
97,4,268,99
101,3,271,112
103,17,266,106
88,4,278,115
100,9,266,107
90,15,265,109
86,10,273,111
103,0,264,97
91,15,261,106
99,16,265,102
84,10,275,102
99,1,272,108
99,11,275,99
91,15,279,104
81,15,273,110
96,16,273,101
98,16,268,108
93,6,279,99
96,8,274,98
91,17,267,98
95,13,279,109
92,7,265,105
88,4,276,111
92,12,272,98
83,1,275,102
95,9,269,95
84,0,279,93
79,16,275,96
93,9,270,104
75,16,276,98
93,2,272,109
93,0,275,105
75,17,275,101
96,5,266,103
90,9,270,103
78,6,275,112
95,11,273,100
77,15,264,106
84,3,269,112
95,13,276,101
92,2,271,105
84,0,267,105
95,4,266,97
84,4,267,103
96,13,270,103
88,14,279,103
95,16,275,104
88,4,275,111
80,0,264,102
96,16,273,104
84,0,279,115
95,13,274,103
82,16,266,98
81,5,268,111
88,0,279,97
93,16,272,107
76,3,272,104
83,4,276,108
83,1,272,104
97,17,274,101
81,6,264,108
96,16,269,100
96,2,271,100
81,5,267,104
96,4,269,104
85,17,279,112
98,17,275,113
87,12,265,110
92,10,279,103
94,15,275,117
95,17,263,115
80,2,265,108
96,0,272,112
95,16,272,107
96,5,264,101
83,4,277,102
87,17,278,104
76,1,262,111
88,4,266,107
88,4,261,99
83,4,274,107
86,15,273,113
96,16,274,102
90,6,262,109
80,19,275,100
91,16,274,98
82,4,263,97
93,8,265,96
95,15,279,104
86,8,264,98
97,3,277,100
95,1,262,100
95,15,276,109
97,5,277,99
88,12,265,111
88,4,271,113
88,13,265,98
92,11,266,104
97,12,264,103
92,10,274,103
99,16,274,112
90,10,268,110
86,5,271,112
88,2,268,121
88,4,268,125
98,16,269,110
96,12,268,115
92,10,277,123
99,0,269,119
92,14,275,115
87,19,278,107
97,6,265,113
97,17,270,107
91,8,268,112
97,7,277,116
95,15,268,112
85,9,266,108
91,5,270,105
73,7,275,112
91,17,270,115
85,12,272,114
84,2,279,121
84,4,278,111
90,12,263,118
84,6,275,109
82,1,268,123
80,10,264,110
88,8,263,118
81,9,275,109
73,17,267,117
77,4,274,111
69,0,272,116
82,17,263,106
85,2,269,110
75,16,268,104
78,4,275,103
72,12,264,103
68,10,277,107
74,19,260,107
83,15,278,108
75,0,277,120
78,6,271,105
72,12,262,116
76,11,267,115
69,9,262,106
81,10,273,107
81,5,265,109
69,12,267,113
76,10,263,112
81,16,267,110
68,14,279,103
65,16,271,110
79,7,278,109
63,9,268,115
72,7,263,109
78,0,263,119
68,2,278,103
80,12,264,113
83,15,276,116
66,4,268,117
72,12,264,115
67,13,265,112
65,4,271,99
81,0,264,110
66,10,268,111
74,1,262,109
64,16,274,100
78,17,276,112
81,16,262,99
84,12,271,99
72,2,276,97
88,1,264,106
87,16,267,104
81,9,268,103
72,1,270,108
73,16,272,113
84,6,268,119
90,0,275,115
80,4,264,119
80,1,268,103
76,10,260,103
88,10,259,109
91,0,264,115
91,7,275,101
87,0,274,114
78,0,268,99
82,8,260,111
83,13,268,111
84,19,265,104
89,8,273,102
89,1,267,104
85,0,268,108
75,0,264,116
91,0,261,118
80,15,275,115
70,19,276,119
75,15,271,104
81,12,268,111
82,13,273,105
77,0,265,114
79,0,275,104
65,0,275,110
83,16,268,102
80,12,262,99
80,12,263,114
70,14,271,117
71,2,264,113
71,11,272,104
79,16,264,110
68,12,272,115
71,11,271,111
81,15,278,117
64,15,275,108
72,8,271,115
68,14,271,113
59,15,264,112
75,16,273,106
73,12,259,115
79,1,275,105
75,6,263,104
78,14,274,102
60,10,259,98
60,4,269,109
74,3,276,113
67,7,273,113
75,1,278,102
70,3,277,112
68,0,271,100
72,12,268,99
64,8,264,108
65,5,277,105
71,11,274,104
58,1,264,102
71,1,268,111
68,1,264,111
74,3,272,106
68,3,262,107
63,6,269,103
64,15,273,113
59,13,265,101
58,9,273,103
65,0,267,96
54,0,275,97
55,12,271,102
60,11,277,113
73,4,265,104
71,16,269,104
61,16,273,106
56,4,278,103
56,4,275,107
74,5,275,112
53,1,268,106
64,8,271,107
60,7,268,109
73,11,275,100
58,11,276,108
69,4,266,103
56,3,263,110
54,0,278,112
56,15,265,109
63,13,275,107
54,5,264,102
71,16,269,106
53,10,277,97
56,2,279,102
64,4,274,103
69,12,264,99
64,0,266,105
61,7,277,111
60,6,263,101
60,11,260,96
51,17,261,98
66,16,272,106
56,0,274,110
54,3,259,97
66,13,274,104
61,8,271,111
53,9,269,102
69,16,266,97
71,9,275,107
60,3,277,112
60,11,263,106
69,9,276,104
59,17,264,97
63,17,276,108
60,18,269,109
56,12,266,103
59,3,266,106
67,2,262,111
62,6,273,96
57,12,268,93
56,7,279,109
60,2,277,93
67,15,274,94
57,13,271,94
69,3,269,102
52,1,271,99
65,8,264,103
66,16,270,103
50,2,267,107
53,4,278,105
62,9,263,106
62,16,273,98
57,7,268,102
48,13,269,104
62,0,273,107
50,1,267,101
67,2,275,93
54,0,259,96
52,4,275,105
52,3,269,91
64,12,264,103
67,17,275,96
65,5,272,94
65,17,263,93
67,12,274,100
58,16,275,100
65,11,272,103
57,4,260,91
47,0,273,100
67,17,273,97
55,17,276,100
48,10,267,94
47,0,273,100
53,0,268,88
47,15,274,97
57,7,275,94
59,9,264,100
51,12,268,103
66,17,261,99
47,0,267,94
50,18,277,98
52,3,269,89
65,3,265,92
60,14,279,95
56,12,266,91
53,6,262,100
53,5,264,92
52,0,277,92
50,16,268,95
63,12,270,87
52,11,277,91
57,8,266,98
71,12,269,92
65,10,259,106
67,10,264,95
68,4,271,103
63,9,270,96
69,12,270,105
58,1,266,101
66,15,276,101
74,16,272,96
75,14,265,101
67,8,268,91
78,3,275,101
59,11,260,93
60,18,263,105
75,0,272,94
70,15,264,102
69,4,272,94
60,0,273,96
73,9,274,95
74,7,277,89
72,12,273,91
68,0,276,95
64,4,268,95
57,17,272,88
70,5,274,90
60,0,279,100
56,8,262,99
65,0,275,89
68,12,268,91
60,4,262,87
64,12,271,94
56,2,262,93
68,12,271,102
59,3,274,88
68,2,279,96
66,5,266,101
60,6,271,87
65,4,270,95
70,12,264,91
57,15,267,83
67,11,275,93
65,11,268,98
63,19,260,96
66,0,265,96
56,8,274,83
67,5,269,86
66,1,273,81
65,11,266,88
57,14,272,92
67,0,275,85
61,8,268,95
51,14,269,83
67,1,266,92
54,2,277,96
57,6,278,87
51,8,273,95
67,16,274,84
60,16,272,86
65,12,271,93
62,3,263,91
66,14,277,96
55,10,275,88
68,1,262,83
69,11,273,82
66,13,266,90
63,15,275,94
62,7,276,98
61,12,265,90
56,16,264,92
67,2,264,90
62,15,267,85
63,15,276,97
73,5,270,88
75,7,264,86
69,17,265,85
74,10,272,86
69,9,274,99
69,12,263,99
63,3,274,96
60,11,270,84
59,7,273,94
68,5,275,96
58,13,269,88
67,0,269,92
65,0,262,83
79,3,274,93
64,4,270,91
77,4,270,88
68,6,263,86
61,11,261,86
72,1,266,93
61,15,266,88
75,8,264,83
75,2,272,90
59,1,275,84
77,5,270,89
77,9,264,90
62,0,269,98
71,8,264,86
59,13,261,96
58,13,266,91
55,17,267,97
68,5,277,97
71,9,272,84
60,14,261,97
60,6,278,83
65,7,274,84
66,8,275,95
75,6,270,88
57,12,269,84
58,4,269,91
74,0,272,94
75,8,271,84
63,7,278,86
68,4,262,95
72,12,262,89
68,18,263,96
71,17,265,81
73,16,275,82
63,12,270,79
72,8,275,80
66,10,271,92
64,8,271,87
75,0,261,89
61,4,264,84
71,17,277,85
64,16,274,92
69,16,265,90
72,4,267,93
69,1,272,90
59,6,264,92
58,15,270,90
52,7,266,88
67,9,262,91
54,7,275,88
56,4,279,95
56,1,268,85
52,16,272,90
69,9,270,95
55,14,269,88
61,15,273,88
67,14,276,84
69,13,266,78
67,17,276,91
71,12,265,84
61,12,274,87
52,10,277,92
67,3,277,85
67,0,277,81
66,17,279,80
67,3,268,78
63,16,276,84
53,8,266,75
55,17,278,89
73,7,272,77
60,0,279,86
66,4,263,91
53,15,266,84
59,17,267,88
54,1,279,91
59,16,274,78
53,0,272,78
68,7,271,77
69,16,273,84
56,12,261,87
62,15,263,91
73,16,274,84
70,12,264,91
61,4,265,82
67,7,262,88
61,6,262,75
52,0,275,76
62,0,263,91
68,4,272,78
71,14,270,76
67,17,266,86
70,7,279,85
57,2,268,90
70,19,265,90
71,17,264,86
58,5,279,91
69,12,268,79
68,8,263,91
64,8,274,83
63,17,265,88
64,2,268,91
64,8,272,90
64,10,265,82
60,4,279,80
58,12,271,75
59,19,273,89
51,9,268,82
55,10,266,88
54,8,263,75
71,16,276,88
67,14,265,80
51,1,274,80
62,7,266,77
51,9,263,90
67,12,266,94
64,9,270,94
57,16,270,76
66,4,266,77
64,12,270,87
58,3,279,88
60,0,274,92
56,4,271,90
58,12,264,87
65,2,268,91
69,15,278,88
53,15,263,80
53,16,278,91
49,13,276,79
68,3,266,76
55,0,279,85
68,8,270,83
67,1,279,80
59,13,268,78
68,11,273,79
67,5,276,87
59,8,273,79
64,12,269,87
62,14,263,79
59,0,276,85
60,11,264,86
51,1,267,80
62,0,279,88
63,12,276,81
54,13,276,89
47,4,272,88
58,11,275,81
61,6,271,81
47,5,277,83
51,12,276,91
53,16,274,79
64,11,272,79
64,8,274,86
66,9,279,83
58,2,271,91
60,4,272,79
63,17,269,81
59,10,261,87
62,6,279,86
61,12,279,93
59,17,276,85
53,12,275,87
60,0,265,83
64,8,273,90
51,14,272,80
61,14,267,88
52,16,275,86
64,16,269,88
64,14,265,88
47,18,276,80
51,3,262,91
51,8,264,90
46,15,277,82
63,17,278,88
64,1,266,78
45,11,277,88
61,2,263,91
64,0,268,82
55,11,272,84
50,8,275,93
53,16,274,91
57,12,272,83
50,6,263,84
61,4,266,79
46,16,270,79
44,9,276,78
59,15,279,90
55,1,273,88
57,4,268,83
59,13,279,77
52,0,267,89
64,16,274,79
60,2,271,87
48,4,271,91
53,0,265,77
48,4,266,83
64,2,276,78
45,6,275,88
50,5,263,80
46,7,277,85
62,13,264,91
54,18,265,80
43,5,274,77
52,10,275,75
46,15,279,85
45,2,281,79
44,16,276,81
61,16,272,88
61,5,277,88
42,13,279,80
60,9,270,86
43,11,276,86
48,9,275,93
59,4,268,87
59,8,263,79
50,9,262,87
46,16,271,75
56,0,275,92
56,0,271,87
50,0,279,79
58,12,266,93
60,7,279,78
56,4,271,91
58,6,276,78
54,7,274,78
67,13,270,78
54,7,267,84
54,14,281,78
60,6,279,91
69,12,268,79
64,8,268,87
60,1,264,82
63,15,269,88
68,8,264,85
69,16,273,80
67,13,268,82
67,16,268,87
58,6,271,91
64,1,269,91
58,12,276,90
56,4,263,91
65,3,264,78
60,19,269,87
56,10,267,87
56,4,276,91
67,0,268,88
53,8,270,81
53,7,266,76
59,13,264,84
69,17,278,78
50,1,274,87
49,6,270,84
69,8,265,78
65,3,274,84
55,17,275,88
66,11,272,91
62,11,271,76
63,9,279,89
62,6,277,91
60,11,278,80
67,0,265,84
52,4,271,93
54,3,275,84
56,6,263,90
64,11,274,88
53,13,279,88
55,0,279,80
52,2,279,76
50,12,266,91
61,2,279,87
59,8,270,90
64,1,264,86
65,11,274,88
57,16,274,82
64,10,268,87
60,6,265,87
61,8,279,75
50,9,268,91
47,7,275,84
52,11,269,74
60,12,281,75
56,0,268,91
55,17,279,81
46,15,263,78
58,3,279,89
56,8,262,75
46,8,276,87
64,4,276,86
63,2,275,76
59,12,273,77
63,3,272,86
55,13,269,77
61,8,270,75
59,16,274,79
61,12,272,91
44,14,265,85
47,5,278,90
45,16,274,82
57,16,266,78
45,5,271,79
54,11,264,89
63,19,269,83
63,0,270,88
56,7,281,91
59,12,264,75
46,1,279,80
58,4,279,76
48,4,263,81
48,8,279,93
56,4,268,79
57,8,264,87
65,13,274,84
59,12,268,83
60,15,271,93
58,7,273,82
61,2,268,78
47,17,277,80
49,17,279,92
59,17,272,96
63,7,280,93
49,9,265,84
47,19,262,79
52,11,265,93
46,13,263,85
64,16,269,84
58,12,278,77
54,11,267,80
53,6,276,92
53,0,264,84
54,11,267,88
43,1,280,86
56,6,274,77
59,16,272,87
53,6,271,83
52,1,274,90
52,0,278,95
61,0,264,82
57,9,264,79
55,15,269,79
52,10,279,81
50,19,280,90
61,0,276,80
47,17,279,88
45,2,274,90
64,1,275,86
59,3,277,84
55,9,272,92
55,17,279,80
46,0,272,79
65,0,278,88
44,2,281,91
48,4,271,89
59,12,271,91
52,18,279,83
55,15,278,92
58,15,274,92
58,7,279,96
60,4,274,89
65,10,268,81
59,9,268,84
51,2,279,88
46,19,277,83
59,16,272,92
58,12,266,95
63,0,273,84
51,17,278,88
58,8,272,87
63,2,268,97
53,16,264,82
57,2,271,84
72,8,263,89
73,16,264,79
68,4,263,83
53,16,270,88
58,16,272,84
70,4,276,86
60,6,281,79
65,2,276,86
63,1,277,91
60,2,279,78
68,0,271,95
69,12,275,83
62,10,263,92
55,0,268,84
57,0,264,92
63,0,273,88
59,4,276,97
65,10,270,79
69,12,267,95
63,1,265,96
72,4,278,87
67,2,269,84
57,8,267,83
64,13,268,83
67,10,270,87
69,9,268,79
67,16,276,92
65,4,270,83
52,8,276,86
67,3,265,82
71,17,278,92
70,16,265,83
56,14,279,92
67,16,275,92
64,8,272,79
55,12,269,95
60,6,273,97
55,13,271,79
68,8,279,88
69,1,276,92
63,0,279,89
59,10,264,79
62,4,278,95
67,4,272,88
62,19,271,96
56,3,277,79
71,1,270,86
53,16,272,82
60,4,279,89
57,6,263,90
69,4,262,95
67,8,266,79
71,9,275,82
60,10,277,78
59,9,277,84
58,15,279,96
62,3,262,93
60,4,263,79
53,11,272,90
51,7,267,88
56,4,278,79
64,0,275,89
58,7,274,77
70,11,277,86
57,9,276,84
69,0,277,80
67,0,279,81
62,4,277,93
66,4,264,79
67,16,272,90
60,14,279,83
55,7,278,84
51,5,271,85
62,7,273,87
65,14,279,93
67,0,272,88
63,7,280,93
65,9,263,90
65,6,271,83
69,1,270,94
71,17,265,89
62,7,281,87
68,0,275,84
70,3,273,91
70,4,270,89
72,12,270,89
62,19,276,80
69,13,279,90
75,16,276,86
61,6,268,82
53,3,269,82
63,17,273,78
61,1,270,89
52,17,279,88
61,16,266,76
62,13,268,75
66,8,273,78
67,17,277,80
60,0,277,76
66,10,268,84
53,0,265,78
60,7,266,87
65,6,279,91
54,8,266,91
61,1,268,75
67,9,276,79
59,11,265,88
69,1,271,90
59,11,266,88
69,3,273,84
50,1,277,77
52,6,267,84
50,8,268,91
49,4,277,88
62,0,262,75
63,0,272,84
50,11,279,85
52,6,275,83
46,0,274,76
54,0,277,89
64,2,269,91
65,1,277,80
54,0,276,78
60,18,262,82
51,0,268,77
47,0,265,81
60,15,263,82
47,17,271,80
45,4,274,79
47,15,265,83
65,17,277,88
43,16,277,88
47,11,265,84
59,16,276,80
64,16,268,76
43,16,277,86
61,15,273,88
63,17,270,88
54,15,271,75
46,0,279,80
52,2,263,72
48,6,267,80
49,4,279,73
53,6,266,87
49,12,266,91
54,0,263,80
52,2,269,89
61,12,266,81
46,19,264,89
61,17,277,80
46,12,266,84
64,9,274,78
56,6,267,91
53,0,277,88
56,0,277,84
51,9,271,79
58,4,276,80
64,6,268,78
64,13,269,84
52,6,263,86
59,8,270,89
60,1,264,79
45,3,263,77
56,4,279,80
56,11,264,78
56,12,268,79
50,4,262,75
45,0,276,84
43,17,269,88
61,3,277,88
56,7,271,91
64,14,276,76
57,0,277,82
60,8,266,81
47,15,268,77
65,8,275,80
48,6,261,93
57,16,266,82
52,6,281,89
62,8,263,77
64,2,274,86
45,14,275,78
64,16,268,78
60,8,271,82
46,12,270,75
60,2,273,89
60,7,274,87
48,5,266,85
50,16,272,79
64,10,270,76
55,17,265,77
55,19,267,80
56,0,261,85
55,11,276,80
51,4,274,84
65,0,270,88
55,4,270,84
55,15,264,80
51,2,272,91
45,16,269,76
45,12,272,86
52,7,261,93
48,8,275,83
51,10,266,93
52,10,263,91
52,3,267,89
48,10,281,90
47,15,279,75
52,4,269,91
63,7,274,80
52,8,274,87
63,16,277,84
57,1,266,76
63,7,266,85
56,6,263,78
64,16,275,82
59,0,271,87
59,8,272,91
59,2,264,86
51,14,265,76
64,4,273,80
59,17,275,88
43,3,265,76
46,15,263,89
39,3,277,74
57,12,271,71
43,13,270,83
56,16,273,86
60,16,265,78
59,11,277,84
49,11,279,89
43,11,261,90
62,7,279,88
46,11,273,87
47,1,274,76
63,11,275,76
48,8,266,87
49,8,278,85
50,12,268,77
58,10,277,91
46,7,273,89
54,11,261,75
59,7,276,78
64,16,277,84
55,4,268,84
67,0,265,76
54,4,266,90
46,1,278,83
50,16,269,82
47,13,276,78
54,8,276,76
47,13,275,76
67,17,277,82
48,16,271,79
56,2,261,73
60,12,276,87
54,0,268,86
53,6,267,75
48,1,270,86
53,1,266,88
50,15,279,75
45,0,275,80
54,15,275,89
52,10,261,89
58,6,271,77
49,17,271,88
65,4,279,85
48,6,276,87
61,17,272,80
57,16,267,84
59,16,276,76
60,8,269,90
57,12,266,77
52,1,269,88
54,1,276,89
52,9,279,85
46,7,262,86
60,7,271,73
60,12,279,79
52,7,279,81
49,6,275,73
46,4,266,84
62,19,263,77
54,0,263,77
53,5,272,80
48,10,279,78
56,4,261,79
53,0,276,72
46,15,273,80
59,1,277,80
64,0,273,84
47,16,277,76
59,12,270,77
54,19,279,88
47,7,277,82
50,15,270,81
62,0,269,85
56,2,275,85
46,6,273,72
48,8,264,71
61,13,267,77
43,17,266,88
55,10,272,80
59,19,267,84
45,4,277,71
49,4,277,83
49,7,271,75
43,16,268,75
49,4,281,74
56,4,278,83
57,12,266,79
44,10,279,86
62,5,278,85
44,19,271,88
56,12,266,79
49,8,264,77
48,0,265,82
51,9,268,80
47,0,261,89
56,8,271,76
59,16,269,88
55,12,278,78
45,0,278,80
45,6,278,91
43,10,277,84
42,16,272,84
57,10,269,83
47,0,275,89
53,7,271,75
56,6,265,90
53,0,265,83
44,6,271,89
53,12,266,79
48,14,275,80
52,15,261,79
44,19,261,74
55,19,266,84
54,17,267,88
38,7,269,73
50,1,270,78
51,17,279,85
63,11,280,74
58,19,268,73
46,7,280,84
58,4,268,75
58,8,270,78
41,16,276,78
56,4,263,90
56,7,279,86
48,6,263,89
54,0,263,79
45,16,272,83
48,7,265,87
48,10,270,87
48,6,262,73
48,1,268,80
46,14,281,77
45,2,267,83
64,16,278,76
63,13,275,88
49,0,275,77
47,15,279,83
46,3,273,75
46,11,269,85
63,14,276,84
50,12,271,93
58,3,265,80
56,7,279,89
59,2,267,91
59,8,265,77
48,7,279,82
46,8,268,90
43,17,278,80
63,11,280,81
55,17,266,90
46,0,263,91
59,16,273,76
64,12,276,84
45,13,272,85
45,12,276,78
59,11,264,86
62,4,270,75
57,0,273,84
43,12,276,84
54,8,266,75
48,12,264,91
58,0,271,80
62,15,277,80
46,16,266,80
60,12,266,75
62,8,271,83
47,16,266,78
61,16,265,82
49,4,273,91
53,3,264,88
54,0,275,75
53,6,275,78
52,18,281,76
56,10,262,91
49,4,275,85
48,12,272,86
56,2,269,87
60,8,262,77
61,10,276,86
48,2,266,83
64,9,276,84
52,7,279,88
49,10,265,91
47,2,263,74
48,4,274,91
59,9,276,83
63,0,278,88
56,0,278,91
59,5,266,80
58,12,271,75
59,8,270,73
49,0,265,76
54,14,275,85
47,19,272,81
63,19,276,74
43,12,278,81
57,13,268,82
49,12,274,74
47,17,279,82
53,1,268,75
49,16,269,87
54,0,277,87
52,15,264,76
50,7,269,85
58,4,275,91
51,5,273,84
48,4,266,79
49,12,266,78
59,13,276,80
53,1,274,77
57,7,263,77
66,13,272,86
64,16,273,82
62,4,264,89
61,8,270,91
52,11,265,82
56,4,267,91
56,2,268,77
66,12,277,85
66,0,264,80
56,15,265,91
49,0,274,76
55,18,275,89
52,11,273,91
62,2,281,77
59,0,279,88
49,2,265,83
67,0,265,74
60,0,271,88
67,8,264,79
51,11,270,82
62,7,267,91
51,1,263,73
65,16,272,90
53,12,265,74
56,0,278,91
64,11,276,82
49,12,264,87
52,6,281,90
61,6,275,75
61,4,270,79
56,16,276,86
61,13,270,89
60,4,275,85
57,0,272,82
55,0,271,76
52,1,263,80
48,4,266,75
60,5,276,76
50,1,279,88
49,2,270,73
51,5,272,76
45,15,275,83
56,11,272,78
61,13,272,74
53,8,266,79
57,3,273,76
63,11,278,80
63,3,272,76
47,11,279,83
58,11,267,74
43,16,274,76
49,7,269,82
56,7,281,71
61,16,265,78
59,16,275,78
52,16,272,84
50,16,271,76
43,13,272,79
45,8,271,73
42,8,264,87
61,0,266,79
63,5,265,80
55,3,277,84
63,0,279,82
62,11,270,80
61,2,264,84
64,16,270,79
58,12,266,91
56,7,262,85
43,2,272,84
58,4,268,87
65,0,272,85
56,12,270,75
64,8,265,78
51,1,280,80
56,7,279,75
62,13,271,82
61,8,262,83
55,1,273,74
51,15,268,84
57,4,268,83
62,12,268,75
55,15,269,77
59,0,268,76
63,18,277,80
59,5,273,85
47,19,275,85
47,13,270,81
47,11,281,73
49,8,271,91
59,9,270,80
60,4,278,91
55,16,266,80
48,10,265,78
53,6,275,85
56,1,264,85
62,12,272,75
60,2,273,77
60,0,274,79
57,6,279,76
50,6,263,89
52,6,281,83
56,12,262,89
58,19,266,89
47,4,267,84
55,13,280,81
67,16,266,84
53,16,273,78
55,3,268,77
54,7,279,91
52,16,273,82
64,10,265,78
59,4,270,87
64,5,272,76
50,13,271,89
51,15,278,88
63,14,266,80
65,0,266,78
62,5,278,77
53,4,268,83
63,0,278,84
56,19,265,89
50,17,267,85
55,17,270,85
59,0,276,84
60,7,265,87
65,16,273,74
65,16,275,80
47,0,264,80
58,4,281,87
64,16,276,76
62,4,269,75
65,2,265,78
59,12,274,82
64,2,274,78
65,16,269,84
52,8,276,87
49,3,274,83
51,8,276,76
61,16,267,76
61,8,271,87
51,12,266,85
52,6,279,91
54,10,265,78
47,9,277,84
62,2,271,79
60,2,272,80
62,13,273,87
58,0,271,75
62,16,271,78
50,8,270,93
49,11,276,79
62,0,271,93
58,8,266,91
57,16,268,91
56,1,274,90
54,7,277,88
63,6,263,88
62,12,276,91
64,6,279,87
55,14,276,78
64,1,273,77
60,4,276,93
59,11,267,88
63,5,279,82
64,6,264,82
55,3,273,85
50,16,274,82
65,8,270,90
67,0,276,86
63,7,270,80
63,19,277,84
57,1,272,88
58,15,267,92
67,0,263,92
58,18,267,96
67,3,279,82
56,7,263,87
61,12,278,79
49,4,275,83
52,8,273,85
56,0,265,93
45,0,270,84
54,2,267,91
54,11,268,78
62,1,270,90
64,13,278,88
46,10,268,79
58,1,271,95
45,16,273,82
62,10,266,77
47,19,275,89
47,8,273,81
43,15,267,84
52,12,274,83
60,6,263,91
60,12,275,93
48,11,263,83
57,18,270,80
53,5,273,82
65,17,277,77
47,11,270,78
57,12,270,75
53,12,275,79
56,4,269,79
55,15,278,83
67,7,269,88
48,15,273,88
67,17,279,76
66,13,276,80
62,12,268,91
56,0,279,82
61,4,270,73
65,15,264,76
64,12,268,78
56,12,268,73
52,15,276,83
64,0,278,85
55,7,277,89
59,16,274,79
51,16,269,79
65,9,274,76
49,2,279,85
44,9,267,72
47,15,275,85
45,9,275,76
49,2,266,79
47,1,269,79
43,17,266,75
59,16,270,78
58,8,268,90
46,5,269,82
47,9,276,78
53,0,279,77
52,3,279,86
58,8,266,87
41,16,272,81
42,1,277,73
48,16,276,82
50,16,276,76
64,13,268,84
63,13,274,74
45,1,266,77
51,15,268,88
56,16,270,79
54,12,274,89
54,0,280,80
52,10,279,87
51,4,265,76
67,5,263,80
61,0,274,90
61,4,267,91
64,8,275,74
59,1,280,85
60,12,279,73
54,15,279,90
48,6,271,91
65,16,274,84
61,11,265,80
61,4,267,80
49,4,266,90
55,12,276,76
64,2,274,74
45,16,268,75
52,11,269,81
65,10,276,76
57,8,271,83
57,6,270,78
45,4,277,77
56,14,279,73
54,14,263,87
47,7,273,83
48,4,274,87
48,11,265,76
49,2,265,84
50,4,279,87
59,6,264,77
62,8,270,89
67,8,279,85
48,4,269,89
63,8,268,75
60,13,268,87
52,19,269,86
67,3,272,76
51,18,275,77
60,5,266,78
47,0,278,84
67,1,278,88
55,7,264,80
70,7,272,77
63,11,272,88
66,8,270,86
47,11,271,88
50,3,270,77
50,16,274,82
64,9,268,86
59,13,273,75
60,3,263,82
66,12,268,91
56,7,263,83
51,9,270,79
68,7,276,78
59,3,266,76
54,0,262,80
56,6,271,83
60,6,275,79
53,4,270,73
47,0,277,80
47,0,279,80
61,2,275,89
64,12,266,91
61,12,266,91
50,2,274,82
47,15,267,75
61,4,278,91
59,17,265,85
50,5,268,73
56,10,266,77
58,0,270,87
51,16,273,79
52,8,266,71
57,13,275,76
55,2,272,76
55,0,268,76
54,0,263,80
52,11,263,88
65,13,264,76
65,15,278,84
62,8,264,75
63,7,277,84
58,14,279,71
56,12,268,75
61,16,270,82
53,2,268,75
64,16,266,72
49,16,276,76
53,4,274,83
46,1,268,71
45,11,276,78
52,8,263,71
57,8,266,87
49,16,273,78
60,4,277,86
59,2,279,71
58,0,278,75
48,16,274,76
62,8,268,89
47,16,273,85
54,0,277,72
55,5,271,79
54,0,277,75
64,1,267,84
47,17,262,81
50,6,269,86
48,1,264,76
58,17,265,85
51,3,276,79
63,17,267,77
64,9,276,74
45,16,276,84
59,12,262,86
56,0,271,89
57,16,274,78
60,8,276,87
62,4,270,86
57,4,270,71
64,1,265,74
61,13,272,82
61,1,270,88
56,0,270,75
59,0,278,80
54,2,267,76
45,12,268,87
48,2,277,87
52,4,266,83
59,3,272,84
46,11,273,86
52,15,268,85
47,14,276,76
48,4,271,81
58,10,263,87
63,0,275,80
63,0,275,80
59,13,272,80
64,16,263,79
60,4,276,71
55,17,269,84
55,17,278,76
66,17,271,86
54,0,271,78
64,9,264,76
66,11,273,87
58,0,277,84
59,12,272,78
56,0,262,86
65,1,264,87
66,9,276,76
45,0,276,81
47,19,277,83
64,8,276,76
63,17,275,78
64,16,269,84
64,13,264,71
60,6,268,77
47,8,275,76
47,0,280,83
44,10,276,78
51,12,278,84
47,17,279,81
63,1,263,73
52,6,279,73
52,12,263,85
50,3,269,72
50,17,278,85
45,4,266,74
61,4,266,76
57,17,276,74
51,12,267,76
62,2,270,82
64,15,268,73
49,11,266,76
53,16,274,80
61,6,270,72
62,19,266,84
56,10,267,87
56,12,266,83
45,11,276,74
64,16,265,76
47,13,273,79
46,7,268,78
43,16,272,78
60,6,275,70
56,0,265,71
52,6,271,81
63,4,271,85
53,4,268,85
65,1,272,87
46,16,276,76
54,8,266,75
57,16,273,82
65,16,276,78
64,13,272,82
59,12,270,78
64,14,270,72
65,14,270,84
65,16,277,84
64,11,272,84
64,1,270,74
51,16,273,76
59,16,266,85
53,10,281,87
63,17,275,80
51,16,273,79
50,4,275,87
44,7,265,76
43,0,275,80
50,12,275,83
53,12,272,77
53,8,268,75
45,5,274,78
45,11,275,86
52,8,265,87
44,2,266,84
45,17,264,80
47,17,264,77
55,7,278,81
54,12,276,87
57,8,273,85
59,16,269,87
56,11,279,80
57,17,274,78
52,4,273,86
58,2,275,87
52,7,277,79
50,12,279,79
52,19,265,88
45,10,277,80
57,12,270,71
56,0,278,89
64,7,269,84
62,15,274,88
54,0,279,84
61,8,276,86
63,15,275,89
52,10,281,71
56,3,271,83
59,16,276,79
62,12,267,86
47,1,268,80
62,13,266,84
48,16,269,79
56,15,279,89
47,0,265,82
67,13,275,80
55,1,264,86
64,16,274,81
49,10,268,83
56,6,276,87
51,13,265,84
47,15,276,84
65,1,276,74
54,18,279,78
54,19,277,88
69,15,270,73
65,10,272,77
67,16,276,76
62,3,266,87
65,16,268,78
62,4,279,81
64,9,268,83
59,9,265,82
45,16,272,82
61,10,269,71
63,13,266,84
64,5,267,72
52,13,277,75
54,0,269,78
58,16,269,76
54,4,272,79
47,15,278,73
59,1,277,77
46,13,280,86
61,16,268,76
51,1,270,75
61,16,276,79
56,8,272,85
45,12,276,79
48,14,279,84
61,17,278,80
62,12,274,74
50,12,270,71
46,7,263,85
64,16,274,78
47,16,276,84
63,7,279,74
60,4,263,79
59,5,266,74
53,0,270,82
53,17,267,81
57,5,266,81
50,6,262,71
51,2,272,86
61,16,272,87
48,0,267,82
61,2,279,83
62,6,281,78
50,8,278,87
62,2,266,89
51,2,269,87
61,8,266,89
55,10,265,79
62,11,273,82
65,0,279,88
60,13,276,77
47,1,279,80
51,12,274,76
66,12,266,78
59,9,272,79
69,0,266,75
54,0,266,73
56,6,271,71
55,1,274,78
67,16,276,84
62,8,268,91
67,5,270,82
65,0,265,84
59,7,272,84
67,14,278,81
65,13,266,81
57,2,279,79
65,13,268,83
49,4,262,73
58,5,278,82
52,11,279,74
58,0,274,74
62,8,266,87
61,17,278,74
59,0,275,84
50,19,268,75
47,9,268,76
48,19,268,89
63,16,276,84
48,1,270,81
61,12,275,81
62,17,278,80
55,16,269,90
58,4,263,74
51,12,269,75
56,15,280,84
50,13,277,84
62,9,265,78
66,19,269,82
51,13,277,82
63,18,280,85
59,8,264,88
48,6,281,78
58,6,274,76
63,0,270,76
48,15,277,81
59,16,277,78
48,12,271,71
52,11,273,87
59,4,276,80
67,15,272,88
48,8,268,73
49,4,274,91
59,11,276,90
61,10,271,81
67,17,266,76
61,6,265,88
51,0,263,79
51,2,264,76
65,12,274,91
56,6,276,81
65,16,277,76
51,2,268,87
68,0,272,76
67,11,273,84
53,5,272,88
47,17,280,86
47,11,268,79
62,4,279,77
54,8,275,93
65,0,262,77
62,12,271,85
60,0,279,78
64,6,268,81
63,0,276,82
61,8,270,79
51,13,270,83
63,0,270,91
63,4,263,87
66,16,276,75
60,12,275,85
60,11,279,77
59,16,278,88
63,6,276,81
61,12,276,79
60,1,280,80
60,7,271,79
65,12,268,77
58,3,263,82
56,6,271,80
49,1,270,81
52,12,274,91
52,19,280,93
65,0,274,90
62,4,275,93
47,7,276,92
54,9,265,78
59,11,268,80
53,9,276,87
59,1,276,89
67,0,279,82
67,17,269,88
50,2,271,89
64,4,276,83
57,11,276,84
64,12,263,79
60,15,270,96
55,8,269,88
64,12,274,88
52,6,270,91
64,12,267,96
62,15,267,84
67,1,280,84
63,6,276,85
59,3,274,92
55,0,279,89
56,0,266,90
47,16,279,92
64,16,276,88
61,16,271,91
56,6,275,79
67,12,264,93
54,15,276,93
68,8,272,84
47,1,269,88
58,15,263,82
59,6,275,86
71,17,264,94
62,8,270,99
57,13,277,84
51,0,271,87
50,4,265,86
47,0,267,86
52,7,281,85
52,10,263,85
62,1,281,96
60,0,271,92
60,6,279,89
62,6,279,83
63,12,275,81
50,11,273,92
61,4,268,99
55,1,268,99
69,16,266,86
68,6,273,96
68,6,277,86
58,8,266,97
62,2,270,83
63,10,279,96
63,17,276,88
66,0,278,86
59,12,276,87
57,4,265,86
71,11,276,96
67,17,279,96
51,15,280,83
65,15,270,84
52,10,272,83
66,6,275,96
53,2,275,87
58,2,271,87
61,9,272,99
57,9,266,97
69,0,278,93
61,8,268,87
65,4,271,86
75,0,269,90
62,7,281,91
70,16,270,92
64,5,269,92
63,18,279,90
56,2,281,85
71,16,266,92
54,16,267,86
62,8,276,86
61,0,278,92
59,15,264,86
73,12,278,90
72,16,276,86
69,12,271,99
60,15,271,98
53,11,276,95
68,7,279,98
69,12,271,99
66,19,280,99
69,16,276,86
59,13,266,92
69,16,274,87
67,16,273,83
58,1,266,95
67,15,263,91
63,9,280,96
69,8,268,83
69,1,277,86
67,9,278,84
49,18,269,85
67,16,271,98
60,0,275,99
59,6,265,93
62,13,271,98
67,12,268,87
60,3,275,82
61,2,279,96
52,10,273,81
54,0,264,96
63,8,270,87
47,16,279,91
55,0,279,96
52,16,276,86
65,8,271,90
51,15,274,81
63,13,274,96
47,11,273,84
63,6,271,91
62,12,275,93
60,11,272,89
47,3,273,92
63,3,269,88
62,17,272,86
68,16,272,82
56,10,270,97
71,17,264,88
66,1,266,97
66,12,268,97
66,7,267,97
57,16,277,82
67,2,272,86
52,17,267,81
71,17,280,90
71,9,273,92
55,15,278,92
62,19,269,80
59,0,276,84
69,17,276,84
68,10,280,79
66,3,263,96
65,10,273,93
55,17,266,90
65,12,271,95
57,12,268,95
64,4,268,93
66,10,270,82
62,12,268,85
62,6,276,79
55,11,266,88
49,16,277,78
64,11,269,84
50,0,278,86
67,1,272,88
52,13,280,93
67,17,279,81
48,1,276,83
64,10,276,83
52,15,273,88
55,11,270,84
60,4,281,84
55,12,274,91
58,11,270,90
67,17,274,92
64,3,268,86
62,6,263,81
57,2,268,79
55,16,276,82
56,1,276,94
47,15,265,82
45,7,278,80
54,1,280,83
60,0,275,96
56,6,275,91
46,16,274,78
57,6,266,81
48,12,266,95
52,15,276,90
43,9,272,92
46,15,266,90
50,12,269,85
61,16,264,79
56,4,281,78
64,10,266,86
49,6,263,77
61,2,279,88
58,2,279,89
56,1,266,92
50,0,281,96
57,6,279,81
48,9,274,86
63,17,274,84
49,4,270,83
51,16,272,82
52,2,273,81
60,10,271,79
47,18,279,92
57,12,270,79
58,11,270,91
46,2,272,82
55,0,268,86
47,0,266,86
59,0,272,82
46,14,281,90
58,3,279,85
60,8,272,86
51,9,276,80
54,3,263,85
55,12,271,79
56,6,263,90
48,12,274,95
43,7,280,89
43,17,270,92
64,8,268,83
58,4,268,95
48,16,268,86
56,6,263,96
49,12,266,94
58,8,266,95
59,2,276,86
63,17,281,80
67,15,279,88
61,11,266,88
51,17,280,90
64,1,267,85
52,6,279,77
55,1,270,86
55,3,276,88
52,7,265,96
50,7,281,91
43,9,270,82
55,17,273,84
52,12,271,83
52,0,280,88
54,15,275,79
55,7,278,92
63,9,272,84
62,5,279,91
47,19,273,84
54,15,267,80
47,0,275,85
58,11,272,79
44,8,268,85
58,0,277,80
52,7,265,96
56,10,270,82
60,12,270,95
52,3,280,82
60,14,281,96
51,13,267,82
64,16,271,91
46,2,262,82
54,15,264,80
56,5,270,79
51,2,268,95
67,8,273,86
67,16,272,79
48,16,268,78
56,4,277,77
53,12,277,78
55,16,277,79
53,0,270,85
56,4,274,79
59,5,275,85
64,7,279,90
68,9,274,82
69,3,280,90
60,2,273,89
52,6,264,84
60,11,275,88
50,6,276,78
69,16,270,94
60,6,275,82
65,6,271,94
53,8,266,77
67,12,276,86
60,8,268,92
71,11,275,80
63,9,281,79
52,2,268,82
67,15,280,85
71,13,281,91
71,13,280,89
71,6,275,80
56,2,281,81
69,5,266,79
70,7,277,78
67,12,275,88
67,11,268,90
60,15,265,81
68,10,276,80
56,6,265,93
64,7,271,92
64,0,281,87
58,8,275,95
61,5,264,95
67,3,275,88
54,15,265,91
52,7,279,76
65,8,266,78
67,7,279,89
64,8,267,76
49,8,268,87
67,6,268,78
47,13,279,90
59,8,270,95
50,13,268,87
52,11,266,91
66,16,268,86
56,7,279,79
65,4,268,91
49,11,276,81
57,11,266,84
59,8,271,93
61,8,270,78
55,11,274,89
57,0,280,90
51,1,274,84
62,19,267,83
46,3,281,80
60,6,279,91
62,5,265,84
65,9,267,88
56,0,281,81
52,9,271,80
54,15,271,88
61,16,274,86
59,6,279,82
60,7,265,94
61,6,267,85
53,8,266,78
63,7,279,89
56,11,269,93
54,19,277,86
42,14,277,79
50,0,267,92
56,8,274,79
43,13,271,83
53,17,278,88
64,4,268,78
59,9,274,78
63,17,273,84
48,8,271,91
61,12,268,93
63,17,272,80
59,16,273,91
60,15,281,88
63,0,274,88
54,15,278,88
59,16,270,79
49,10,267,90
49,5,279,81
54,17,279,87
53,16,276,82
56,6,281,85
60,12,271,91
57,12,274,93
60,4,269,89
48,16,270,77
57,4,263,91
46,16,266,79
63,1,276,90
45,17,270,88
55,8,271,87
56,9,266,84
57,0,271,90
59,0,262,91
61,1,272,76
61,13,266,88
57,8,271,75
43,4,266,82
55,11,269,80
63,9,280,89
50,6,282,91
43,1,273,76
52,4,267,86
64,16,274,84
51,4,271,91
61,13,268,79
52,9,265,87
54,7,275,80
52,5,263,82
46,7,279,75
46,14,269,77
64,1,266,87
57,12,270,91
56,19,264,92
67,5,273,79
60,0,266,87
47,0,278,88
56,3,279,76
66,8,272,86
69,15,267,89
67,10,267,88
57,16,272,85
55,1,269,78
51,0,272,85
54,15,263,84
51,11,266,79
63,12,267,88
53,0,266,84
66,0,266,86
57,2,266,81
66,4,275,93
53,8,266,95
59,9,277,82
55,0,270,84
62,15,280,88
53,5,277,88
66,11,281,91
59,1,280,93
60,9,268,78
67,6,272,89
58,14,279,90
63,3,266,88
59,1,273,88
56,15,268,77
53,5,274,87
53,4,270,79
60,8,272,87
60,12,268,79
60,15,270,82
56,10,274,90
64,4,273,91
66,13,270,94
56,4,279,95
65,10,274,87
56,4,271,77
47,8,267,81
58,19,274,91
50,19,276,89
67,15,273,80
61,11,266,87
61,12,273,93
67,7,272,81
52,3,264,89
48,19,282,82
57,0,266,80
63,15,279,88
57,2,266,91
50,2,277,83
52,0,273,96
50,5,272,90
50,15,281,92
61,8,274,82
50,16,275,84
56,6,275,79
56,6,282,92
53,4,275,95
67,12,272,95
57,6,281,86
64,11,264,87
56,8,268,79
71,16,276,84
66,6,273,92
59,10,271,81
63,1,266,91
52,15,273,91
67,1,278,84
47,13,272,80
69,3,272,88
61,13,280,88
51,10,264,91
56,7,273,86
51,8,270,79
65,3,267,77
55,0,263,82
64,8,268,83
53,17,273,84
64,12,269,86
64,12,266,77
50,17,265,80
59,10,274,87
60,0,263,79
60,14,282,91
67,16,267,88
62,6,273,93
60,15,281,93
65,13,268,82
56,2,277,93
49,6,273,88
52,11,275,87
59,14,276,89
61,0,274,78
48,15,269,93
60,15,271,93
54,1,267,92
64,10,270,85
56,8,278,95
55,12,276,79
69,5,271,83
49,0,266,79
68,1,273,79
50,16,278,82
56,12,274,91
53,6,281,93
56,6,273,91
54,8,270,95
69,2,266,82
56,7,265,91
58,4,282,77
55,5,277,78
51,0,275,91
52,1,272,90
47,14,274,88
51,7,272,76
56,19,281,77
67,17,269,88
64,13,270,84
61,0,270,81
49,12,276,79
52,0,272,87
52,3,282,80
54,15,282,92
67,11,275,79
61,6,283,79
51,12,271,75
67,5,280,88
67,0,278,78
63,0,266,80
61,4,273,89
47,0,280,88
47,9,277,83
61,4,274,87
56,9,276,82
57,16,277,85
55,16,270,78
57,8,268,87
57,0,268,78
47,0,274,76
67,0,272,88
59,1,273,85
51,0,278,82
67,11,272,79
54,15,266,91
51,0,273,84
55,17,275,79
67,12,270,75
62,2,274,90
65,12,274,93
52,0,280,79
54,5,264,90
67,7,268,85
53,2,265,88
70,0,277,80
71,17,280,90
67,9,267,78
60,19,273,88
53,16,280,86
62,8,268,75
52,8,272,83
53,12,279,93
59,9,275,90
50,15,281,80
55,18,281,84
65,12,274,79
54,3,266,77
58,12,268,79
61,8,266,95
49,3,272,84
54,15,283,89
71,15,272,89
71,17,277,88
58,13,267,86
51,3,277,82
51,16,277,82
65,4,279,77
56,4,267,94
66,8,279,80
51,12,272,87
60,19,273,96
69,8,269,91
67,11,268,90
53,4,279,95
64,11,278,88
53,12,264,94
57,8,270,86
51,13,265,81
51,17,277,81
69,5,278,88
52,7,275,77
56,12,268,86
52,7,267,93
52,14,283,93
59,5,273,80
55,15,269,92
61,3,268,86
64,16,268,84
58,2,266,95
65,16,274,79
56,12,281,87
55,19,274,93
51,0,268,92
56,7,281,92
64,16,276,84
49,5,274,84
59,7,279,81
57,6,275,93
59,16,276,82
64,2,273,88
47,0,267,87
61,0,263,81
63,10,263,91
59,14,270,88
58,12,269,79
56,17,264,81
66,1,276,94
51,1,268,95
49,12,277,92
64,8,264,91
55,13,276,82
56,2,267,85
64,8,265,87
56,8,277,79
47,1,276,91
53,4,263,89
65,0,268,84
51,17,264,87
65,11,272,90
53,14,273,78
58,9,266,87
53,12,266,79
55,9,265,89
54,9,268,91
54,0,279,80
52,11,282,80
53,9,276,78
50,9,271,95
50,4,267,91
61,13,276,94
52,15,279,80
67,5,267,80
60,14,271,93
52,4,263,81
64,11,269,80
66,0,272,86
63,5,274,91
65,6,282,96
69,10,270,83
66,1,268,87
71,5,274,90
51,2,274,83
53,16,277,86
66,4,281,83
66,4,279,79
61,14,275,92
51,16,268,87
66,12,274,79
60,19,281,91
55,0,265,80
51,8,272,95
47,17,276,96
47,0,278,93
63,10,267,79
64,12,276,81
65,12,271,95
60,7,267,91
67,8,271,94
59,16,272,84
57,4,266,95
69,13,268,78
66,8,263,89
65,4,266,85
68,16,276,79
64,6,278,85
65,3,271,94
51,14,267,86
64,12,274,89
56,7,263,96
60,12,268,79
64,3,270,90
59,13,273,89
58,7,274,83
58,0,279,87
52,8,272,78
67,12,275,91
60,4,270,84
47,16,274,84
64,0,265,80
54,12,277,91
54,17,263,82
53,16,269,84
56,10,263,91
47,0,277,78
64,1,276,82
48,3,266,86
61,11,268,84
49,16,268,91
61,8,274,83
47,0,281,92
64,4,270,90
55,7,264,88
62,6,271,93
57,16,273,79
58,12,271,93
52,1,266,86
64,12,268,89
60,15,278,77
51,15,279,85
61,8,271,89
59,3,278,82
65,10,280,84
64,5,263,79
50,8,270,81
51,8,268,86
59,13,278,84
62,12,263,85
52,6,279,89
61,11,275,80
69,1,280,88
58,6,279,91
69,15,278,84
69,16,276,86
67,12,274,91
52,11,267,87
59,7,280,88
47,17,279,78
67,12,271,75
60,7,273,87
57,2,275,83
56,4,277,81
51,5,276,86
63,0,265,89
60,1,271,85
56,4,275,91
47,0,278,84
60,15,281,87
56,8,267,77
68,13,276,81
57,16,278,76
68,10,266,84
52,8,270,75
67,13,271,75
52,13,268,90
51,16,269,82
57,8,266,77
67,16,266,87
61,8,263,82
58,8,268,91
57,5,276,87
59,4,267,79
53,15,272,76
54,13,271,79
58,6,279,91
50,16,268,78
55,1,275,76
54,15,271,91
54,19,275,90
55,0,272,80
56,0,263,75
65,9,267,80
55,1,281,84
56,4,271,90
58,8,281,91
48,10,264,83
58,6,279,78
55,4,276,83
64,16,266,78
52,6,263,89
49,12,267,87
54,5,269,77
59,19,277,82
64,12,276,74
49,4,274,83
59,14,268,78
57,6,266,87
43,8,267,79
58,3,272,81
46,15,263,85
61,16,272,76
57,3,276,86
64,8,276,74
61,9,272,81
43,17,272,76
62,1,266,78
47,5,275,86
56,4,263,75
60,1,272,74
61,16,277,76
52,8,276,78
43,0,275,82
58,4,268,85
61,15,280,76
62,11,275,85
62,15,271,88
55,15,265,75
47,3,271,80
46,18,264,89
49,16,272,76
58,12,263,87
45,15,265,88
61,8,279,89
49,8,270,81
54,8,265,74
63,0,279,78
65,3,265,80
61,7,276,82
56,0,281,90
56,4,279,73
46,16,268,86
60,8,271,91
43,11,267,75
43,16,278,82
43,17,266,80
50,1,280,81
59,12,274,75
48,10,277,81
43,15,276,88
48,8,269,91
51,10,268,89
52,0,280,88
56,6,273,90
57,6,270,77
51,2,271,79
50,11,270,76
59,12,272,79
53,4,268,75
43,16,270,83
56,4,267,77
49,16,268,76
52,17,278,80
47,15,274,75
43,1,273,84
56,9,270,89
56,0,272,78
53,13,278,80
56,12,271,75
48,7,277,75
48,6,267,71
56,10,263,87
42,13,278,85
40,10,274,82
56,6,273,81
56,6,273,75
48,6,279,90
54,3,279,87
46,2,281,87
46,13,268,78
64,5,268,76
60,6,265,83
60,1,268,84
50,7,277,81
59,4,267,91
59,7,276,80
45,16,279,76
55,5,276,74
55,0,273,78
53,15,268,77
61,16,266,84
56,4,272,77
51,0,276,82
43,0,271,81
47,11,269,80
63,11,270,88
56,8,271,75
59,8,278,84
42,3,270,80
54,9,274,86
43,0,276,80
59,9,271,87
43,1,273,89
56,6,267,85
49,6,275,75
56,15,281,91
56,16,277,82
60,14,280,84
55,14,280,84
64,9,271,95
59,13,268,79
63,3,269,80
52,13,271,89
51,13,274,86
52,8,270,91
59,7,277,84
63,11,272,96
62,0,275,83
59,8,268,91
63,13,275,96
71,17,272,96
53,9,270,85
68,12,263,91
56,14,279,82
71,15,266,96
64,0,266,86
71,16,278,84
57,4,276,84
57,1,268,88
58,11,278,96
69,16,275,87
56,10,271,84
71,11,278,84
68,16,276,90
64,2,281,81
51,16,276,80
50,11,277,84
55,1,273,92
69,17,269,96
60,6,267,96
60,3,268,88
67,17,274,88
60,10,266,84
53,9,267,95
69,12,276,86
52,8,279,93
56,7,278,95
50,8,268,79
55,1,278,84
67,0,274,80
60,15,264,85
63,14,266,84
65,12,276,79
64,12,270,95
63,12,268,83
56,8,269,83
47,15,277,90
67,7,278,85
56,12,268,78
65,10,265,82
62,1,264,91
64,9,266,83
64,12,266,79
60,13,275,92
64,9,276,87
59,12,270,79
60,0,279,93
52,4,281,90
53,0,267,95
65,13,270,83
50,6,278,79
51,1,267,78
46,1,277,80
59,4,271,91
59,17,275,80
60,11,281,85
60,2,282,83
67,1,266,84
61,0,270,81
54,18,279,86
65,9,278,88
67,0,270,89
58,13,270,91
66,12,274,93
60,3,279,90
57,4,281,78
63,8,272,94
55,13,270,88
65,17,277,86
60,10,268,91
56,11,276,82
62,16,271,84
48,11,273,79
65,8,266,82
65,13,279,80
63,17,275,80
55,6,279,78
59,17,281,82
49,1,274,84
51,0,279,78
61,19,277,81
65,12,274,83
54,6,265,93
56,4,281,95
49,12,278,79
56,6,271,79
57,0,264,89
58,16,273,86
59,13,268,81
51,1,271,83
47,0,272,76
54,0,279,78
60,12,268,93
57,12,268,93
61,4,265,93
49,8,276,86
47,6,276,88
43,17,280,88
62,12,276,93
62,15,280,88
64,4,266,77
49,16,268,95
57,2,281,83
56,12,268,95
57,8,270,95
51,0,278,84
54,7,275,91
62,4,270,95
64,8,278,89
47,15,273,94
52,15,279,88
50,19,273,87
50,15,263,88
58,10,281,83
60,3,269,80
59,1,271,93
65,13,268,86
