42,22,52,42
43,22,51,42
44,22,51,41
45,22,52,41
45,22,53,41
45,22,53,40
45,23,53,41
45,22,53,41
44,23,52,41
45,23,52,40
45,23,51,40
45,23,51,40
45,23,50,40
45,23,50,40
44,23,50,41
44,23,51,41
44,23,52,42
44,22,52,41
44,23,52,41
44,23,51,41
45,23,51,41
45,23,51,41
45,23,52,41
45,23,53,41
45,23,52,40
44,22,52,40
44,23,52,41
44,23,52,41
44,23,51,41
43,22,51,41
43,22,50,41
43,22,50,41
43,22,49,42
42,22,49,42
42,22,50,43
42,22,51,42
43,22,51,42
43,21,50,42
43,22,50,42
44,22,50,42
45,23,50,42
45,23,51,42
45,23,51,42
45,23,52,42
44,23,52,43
44,22,51,43
44,23,50,44
44,23,50,45
43,22,50,45
43,22,49,45
43,22,49,45
42,22,49,45
43,22,49,45
43,23,50,46
43,22,50,46
42,22,51,46
43,22,51,45
43,22,50,45
43,22,50,45
45,23,50,46
46,23,51,46
47,23,52,45
47,24,52,45
47,23,52,45
47,23,52,45
47,23,51,45
48,23,51,45
47,23,51,45
47,23,50,45
47,22,50,45
47,22,49,45
47,23,49,45
47,22,50,46
46,23,51,46
46,22,51,45
46,22,51,45
47,23,51,45
47,23,50,44
48,23,50,44
49,24,51,44
50,24,52,44
51,24,53,44
51,24,52,44
51,24,52,44
51,23,52,44
51,23,51,44
51,23,51,44
51,23,51,44
51,23,50,44
50,23,50,44
50,23,50,44
50,22,50,44
50,22,51,44
49,22,52,44
50,22,51,43
51,22,51,43
51,23,50,43
52,23,51,43
53,23,51,43
53,23,52,42
53,23,53,42
53,23,52,42
53,23,52,42
52,22,52,42
52,22,51,43
52,22,51,43
52,22,50,44
52,22,50,43
51,22,50,44
52,22,50,44
52,22,51,44
52,21,52,44
51,21,52,43
51,22,52,43
51,22,51,43
51,21,51,42
52,21,51,42
53,21,52,42
54,21,52,42
55,21,53,41
54,21,53,41
54,21,52,41
55,21,52,40
54,21,51,40
54,21,51,40
53,22,51,41
53,21,50,41
52,21,50,41
52,21,50,42
52,21,51,42
51,21,52,42
51,21,53,42
51,20,53,41
51,20,52,41
50,20,51,41
51,20,52,41
51,20,53,41
51,20,53,40
51,21,54,40
51,20,53,40
51,21,53,41
51,20,52,41
51,20,52,41
51,20,52,41
51,20,51,41
50,20,51,41
50,20,50,41
50,20,50,42
50,20,52,42
49,20,52,42
49,20,53,42
49,19,52,41
49,20,52,41
50,19,52,41
50,20,52,41
51,19,53,41
52,20,53,41
53,20,54,41
53,20,53,41
53,20,53,41
53,20,52,42
53,20,52,42
52,20,52,42
52,19,51,42
52,19,51,42
52,19,50,42
51,19,51,41
51,19,51,42
51,19,52,41
51,19,52,42
50,19,52,41
50,19,52,41
50,19,51,41
51,19,52,41
51,19,52,40
51,19,53,40
50,19,53,40
50,19,53,40
49,19,53,40
49,19,52,40
49,18,52,40
48,19,51,41
48,18,51,41
47,18,51,41
47,18,50,41
47,18,50,41
47,18,51,41
47,18,52,41
47,18,52,41
47,19,52,41
48,19,51,40
49,19,51,40
49,20,51,40
50,20,52,40
49,19,52,40
49,19,53,40
49,20,52,40
48,20,52,40
48,19,52,40
48,19,51,40
48,19,51,40
47,20,51,40
47,19,50,41
46,19,50,41
46,20,50,42
46,20,50,43
46,20,51,44
47,20,51,43
48,21,51,43
49,21,51,43
50,22,50,43
52,22,51,44
53,22,52,44
53,22,53,44
53,22,53,43
53,22,53,44
52,22,53,45
52,22,52,46
51,22,52,46
51,21,52,46
51,21,51,46
50,21,51,46
50,21,50,46
49,21,50,47
49,21,51,47
49,21,52,46
49,21,53,46
48,22,52,46
48,21,52,45
49,22,51,45
49,21,52,45
49,22,53,44
49,22,54,44
48,23,54,44
48,23,54,44
47,23,53,44
47,23,53,44
47,23,52,44
46,23,52,44
47,23,51,44
47,24,51,44
47,24,51,44
47,24,51,44
47,24,52,44
47,24,52,45
47,23,53,44
48,24,52,44
48,23,52,43
48,23,52,43
49,23,53,43
50,23,54,43
50,23,55,42
50,22,55,42
49,23,55,42
49,23,55,42
48,23,54,42
48,23,54,42
48,24,53,42
47,24,53,42
47,24,52,42
46,24,52,42
46,24,52,42
46,25,53,42
46,25,54,42
46,25,54,41
45,25,54,41
45,26,53,41
44,26,53,40
45,25,53,40
45,25,54,40
45,25,55,39
45,25,55,39
45,25,55,39
45,24,54,39
45,25,54,39
46,24,53,39
45,25,53,39
45,25,53,39
45,25,52,39
45,26,52,40
45,25,52,41
45,26,53,42
45,26,54,42
45,26,54,42
45,26,53,42
44,26,53,41
45,25,53,42
45,25,53,42
45,25,55,41
45,25,55,41
45,24,56,40
45,25,56,41
44,25,55,41
44,24,54,41
44,24,54,41
44,24,54,41
43,24,53,42
44,25,53,42
44,25,52,43
44,26,52,44
44,26,53,45
43,26,54,45
43,26,54,45
44,26,54,44
44,26,53,44
45,26,53,44
46,27,53,44
46,26,54,44
46,26,55,44
46,26,55,43
45,26,54,43
45,26,54,43
45,26,53,43
45,25,53,43
44,26,53,43
44,25,52,44
44,25,52,44
43,26,51,45
43,26,52,46
43,26,52,47
43,26,53,47
43,26,53,46
43,26,53,46
44,26,53,46
44,26,53,46
45,27,53,46
45,27,54,46
45,27,54,46
45,27,54,46
45,27,54,46
45,27,53,46
45,28,53,47
45,27,53,47
45,27,52,47
45,27,52,48
45,27,51,48
44,27,51,48
44,27,51,48
44,27,52,48
44,26,52,48
44,27,53,48
45,27,52,48
47,27,52,48
48,28,51,48
49,29,52,48
50,29,53,48
51,29,54,48
51,29,54,48
50,29,54,48
50,29,54,48
50,29,53,49
49,29,53,49
49,29,52,49
49,28,52,49
48,28,51,50
48,28,51,49
48,28,51,49
48,27,52,49
47,27,53,49
47,27,53,48
47,27,53,48
47,27,52,48
48,26,52,48
48,26,52,48
48,27,53,47
49,27,54,47
48,28,54,47
48,29,54,47
47,29,54,47
47,28,53,47
47,28,53,47
47,28,52,46
46,28,52,46
46,28,51,46
46,28,51,47
46,28,52,47
46,28,52,48
45,27,53,47
45,27,53,47
45,27,53,47
45,26,53,46
45,26,52,46
45,26,53,45
45,26,53,45
45,26,54,45
45,26,54,44
45,26,54,45
45,25,54,45
45,25,53,45
45,25,53,46
45,25,52,46
45,25,52,46
45,25,51,46
45,24,51,46
45,24,51,46
44,24,52,46
45,24,53,45
44,24,53,45
45,23,53,45
45,24,52,44
45,23,52,44
46,23,53,44
46,23,54,44
46,23,54,44
46,23,55,43
46,23,54,43
46,23,54,43
45,23,53,43
45,23,53,43
44,23,53,43
44,23,52,43
44,23,52,43
43,23,51,43
43,23,51,44
43,23,52,44
42,23,53,44
42,22,53,44
43,22,52,44
43,22,52,43
44,22,52,43
45,22,52,43
46,22,53,43
46,22,54,43
46,22,54,42
46,22,54,42
46,22,53,42
46,22,53,42
46,21,53,42
45,22,52,42
45,21,52,42
45,21,51,42
44,21,51,43
45,21,51,43
45,22,52,44
45,22,53,44
44,22,53,44
44,22,53,44
43,22,52,43
44,22,52,43
44,22,52,44
45,22,53,44
44,22,54,43
44,22,54,43
44,22,53,43
43,22,53,43
43,21,53,43
43,21,52,43
43,21,52,43
42,21,51,43
42,21,51,43
42,21,51,44
41,21,51,45
41,21,52,45
41,20,52,45
41,20,52,44
41,20,52,44
41,20,51,44
41,20,51,45
41,20,51,45
41,20,52,44
41,21,53,44
41,21,53,44
41,21,53,44
41,20,52,44
40,20,52,45
40,20,52,45
40,20,51,45
40,20,51,45
41,20,50,44
41,20,50,45
41,20,50,45
40,20,51,45
40,20,51,45
41,20,51,45
42,21,50,45
43,22,50,45
44,22,50,46
44,23,51,46
45,23,52,46
44,23,52,45
44,23,52,46
45,24,52,47
45,24,51,48
45,25,51,48
46,26,51,49
46,26,50,49
45,25,50,48
45,26,49,48
45,25,49,49
44,25,50,49
44,25,51,49
44,25,51,49
45,25,51,49
46,25,51,49
47,25,50,48
49,26,50,49
50,26,51,49
51,27,52,49
51,26,53,48
52,26,53,48
52,26,52,48
51,26,52,48
51,25,51,48
51,26,51,48
50,26,51,49
50,26,50,49
50,26,50,49
50,26,50,51
49,26,50,51
49,25,51,51
48,25,51,51
48,25,52,51
48,25,51,50
48,25,50,50
49,26,50,50
50,26,51,50
50,26,52,50
50,26,53,50
49,25,53,49
49,25,52,48
49,25,52,49
48,25,51,49
48,25,51,48
47,25,50,49
48,25,50,48
47,25,50,48
47,25,49,48
47,25,50,49
46,24,51,49
46,24,52,49
46,24,52,48
47,24,51,48
48,24,51,47
48,24,51,48
49,23,51,48
49,24,52,47
50,24,52,47
50,23,52,47
49,24,52,46
48,23,52,46
48,23,51,46
48,23,51,46
48,23,50,46
48,23,50,46
47,22,50,46
47,23,49,46
47,22,50,46
46,22,50,46
46,22,51,46
46,22,51,45
47,22,51,45
48,22,50,45
48,23,50,46
49,23,51,46
50,22,52,45
50,22,53,45
49,22,52,45
49,22,52,44
49,22,52,45
48,23,52,44
48,24,51,44
49,24,51,44
49,23,50,43
49,23,50,43
49,23,49,43
50,23,50,44
51,23,51,44
51,23,52,43
50,23,52,43
50,23,52,43
50,23,51,43
51,24,51,42
52,25,51,42
52,24,52,42
53,25,52,42
53,25,53,42
53,25,52,42
53,26,52,42
53,25,51,43
53,26,51,43
53,26,51,42
53,26,50,43
53,25,50,42
53,25,49,43
52,25,50,43
52,25,51,43
52,25,52,43
52,25,51,42
51,25,51,42
51,25,50,42
52,25,50,42
52,25,51,42
52,24,52,41
51,24,52,41
51,24,52,42
51,24,52,42
51,24,51,41
51,24,51,42
51,24,51,41
51,24,50,41
51,24,50,41
51,23,49,41
51,23,49,41
51,23,49,41
51,23,51,42
51,23,51,42
51,23,51,41
51,23,51,41
51,22,50,41
51,23,50,41
52,23,51,41
52,23,51,41
52,22,52,40
51,23,52,40
51,23,52,40
50,22,51,41
50,22,51,41
49,22,50,41
49,22,50,42
49,21,50,42
48,21,49,42
48,21,49,42
48,21,49,42
47,21,50,42
48,21,51,42
48,22,51,42
49,22,50,42
50,23,50,42
50,23,50,42
50,23,51,42
50,23,52,42
50,23,52,42
50,23,52,42
49,23,52,43
49,23,52,43
49,22,51,44
48,23,51,44
48,22,51,44
48,22,50,44
48,22,50,43
48,22,49,44
48,23,50,44
48,23,51,45
48,22,52,45
47,23,51,45
48,22,51,44
48,22,50,43
49,23,50,44
51,23,51,45
52,24,52,45
53,24,53,44
53,24,52,44
53,24,52,45
53,23,52,44
53,24,51,44
52,24,51,45
52,24,51,45
52,24,50,46
51,24,50,46
51,23,50,45
50,23,50,45
50,23,50,45
49,23,51,44
49,23,51,44
49,23,51,44
48,23,50,44
48,23,50,43
48,23,50,44
48,23,51,43
48,23,51,43
48,23,51,43
48,23,51,43
48,23,51,43
48,23,51,43
49,23,50,43
49,23,50,43
49,22,50,43
49,22,49,44
49,22,49,44
48,22,49,45
48,22,50,44
48,21,50,44
48,22,50,44
49,22,50,44
50,22,50,43
51,22,50,43
52,22,51,43
52,22,51,43
52,22,52,42
52,23,53,43
51,23,52,43
51,23,52,43
50,23,51,42
50,23,51,42
50,22,51,42
50,22,50,42
49,22,50,42
49,22,50,42
49,22,50,43
49,22,51,43
49,23,51,44
49,23,51,43
49,23,51,43
49,23,51,43
49,23,50,43
49,23,51,43
49,23,52,42
50,23,52,42
50,23,53,42
50,23,52,42
49,23,52,42
49,23,51,42
48,24,51,42
48,23,50,42
48,23,50,42
48,23,50,42
48,23,50,42
48,23,50,42
47,23,50,42
47,23,52,42
47,23,51,42
48,23,50,42
49,23,50,41
50,23,50,41
51,23,51,41
52,23,52,41
52,23,53,40
52,22,53,40
52,23,52,40
52,22,52,40
52,22,52,40
51,22,51,40
51,22,51,40
51,22,51,40
51,22,50,40
51,22,50,41
51,22,50,42
51,22,51,42
51,22,52,42
51,22,52,41
51,22,51,41
51,22,51,41
52,22,51,41
52,23,52,41
53,23,53,41
53,23,54,41
53,22,54,41
53,23,53,41
52,22,53,41
52,22,52,42
52,22,52,41
52,23,51,41
52,24,51,41
52,24,51,40
52,24,50,41
51,25,51,41
51,24,52,41
51,24,52,41
52,24,52,40
52,24,51,40
51,23,51,39
52,23,51,39
53,23,52,39
54,23,52,39
54,23,53,39
54,23,53,39
53,23,52,40
53,23,52,41
53,23,52,41
53,22,52,41
53,22,51,42
54,23,51,43
53,23,50,43
54,22,50,43
54,22,50,43
53,23,51,43
53,22,52,42
53,22,52,42
54,22,51,41
56,22,51,41
57,23,51,41
58,23,52,41
59,23,53,41
60,23,53,40
60,23,53,40
61,23,53,40
60,24,52,40
60,24,52,40
60,24,52,40
60,24,51,40
59,24,51,40
59,24,50,40
58,24,50,40
58,24,51,41
58,24,52,42
58,24,52,42
58,24,52,42
58,24,52,41
58,25,51,41
58,26,52,41
59,26,53,41
60,26,54,41
60,26,54,41
59,26,54,41
59,26,54,41
58,25,53,41
58,25,53,42
58,26,52,43
57,25,52,43
57,25,51,43
56,25,51,43
56,25,51,43
56,25,52,43
55,25,52,44
55,25,52,43
56,25,52,43
57,25,52,43
57,25,51,43
58,25,51,42
59,25,52,42
59,25,53,42
60,25,54,41
59,25,54,41
59,25,54,41
59,25,54,41
58,24,54,41
58,25,53,41
57,25,53,40
57,25,52,42
56,25,52,43
56,24,52,43
56,25,52,45
56,24,53,45
55,24,53,45
55,24,53,44
55,24,53,44
54,24,52,43
55,24,53,44
54,24,53,43
54,24,54,43
54,25,55,43
54,25,55,43
53,25,54,43
53,25,54,43
53,25,53,43
53,25,53,43
53,25,53,43
53,25,52,43
54,25,52,42
53,25,52,43
53,25,52,43
53,24,53,43
53,24,53,42
54,24,53,42
55,24,52,42
55,24,52,42
57,25,52,43
58,25,53,43
59,25,54,42
59,25,55,42
59,25,54,42
59,25,54,41
58,25,53,42
58,24,53,43
58,24,53,44
57,24,52,44
58,24,52,44
57,24,51,44
57,24,51,45
58,24,52,45
57,24,53,45
57,23,53,45
57,24,53,44
57,24,53,44
57,23,52,44
58,23,52,44
59,23,53,43
60,23,54,43
60,23,55,43
61,23,55,43
60,23,54,43
60,23,54,43
60,23,53,43
60,22,53,43
60,23,52,43
59,23,52,43
58,23,51,44
58,22,51,44
58,22,52,45
57,22,53,45
57,23,53,44
57,23,53,44
57,22,53,44
57,22,52,43
57,22,52,44
56,22,53,43
56,22,53,43
56,22,54,43
56,23,54,43
56,22,53,43
56,23,53,44
55,22,52,44
55,22,52,44
55,22,51,43
55,22,51,44
56,22,50,44
56,22,50,44
57,22,51,45
57,22,52,45
57,22,53,45
57,22,53,44
58,22,52,44
58,23,51,44
59,23,52,44
60,24,53,45
60,24,53,44
60,24,53,44
59,24,54,44
59,23,53,43
59,23,52,43
59,23,52,43
60,23,52,44
60,24,52,45
60,24,51,45
60,24,51,46
59,23,50,46
58,23,51,47
59,23,52,47
59,23,53,46
60,24,53,46
62,24,52,46
63,25,52,46
64,25,52,46
65,25,53,45
65,25,53,45
65,25,54,45
65,25,53,45
65,25,53,44
65,25,52,44
64,25,52,44
64,25,52,44
63,25,51,45
63,25,51,44
62,25,50,45
61,25,51,45
61,25,51,46
61,24,52,46
60,24,53,46
57,23,52,51
57,23,52,51
56,23,52,52
56,23,52,53
56,23,53,54
56,23,54,53
56,23,54,53
55,23,54,52
55,23,53,52
55,23,53,51
55,23,54,51
55,23,54,51
56,23,55,50
55,23,55,50
55,23,55,50
54,22,55,49
54,22,54,49
54,22,54,49
54,22,53,49
53,22,53,50
53,22,52,50
53,22,52,50
52,22,52,50
52,21,53,51
51,21,54,50
52,21,54,50
51,21,53,50
52,21,53,49
52,21,53,49
53,21,53,48
53,21,54,48
52,21,54,48
52,21,55,48
51,21,54,47
51,21,54,47
50,21,53,47
50,20,53,47
50,20,52,47
49,20,52,47
49,20,51,47
49,20,51,47
49,20,51,48
48,20,52,48
48,20,53,48
48,20,52,48
48,20,52,47
48,20,52,47
48,20,51,48
48,20,52,48
48,21,53,48
48,20,54,47
48,20,54,47
47,20,54,47
47,20,53,47
46,19,53,46
46,19,52,46
46,19,52,46
46,20,52,46
45,20,51,46
45,20,51,46
45,20,51,47
45,20,52,48
44,20,53,47
44,20,53,47
45,20,52,47
45,20,52,46
46,20,52,47
47,20,53,46
48,20,54,46
47,20,54,46
48,20,55,45
47,20,54,45
47,20,54,45
47,19,53,45
46,19,53,45
46,19,52,45
45,19,52,44
45,19,51,44
45,19,51,45
46,19,52,46
46,19,53,46
46,19,53,46
46,19,54,46
46,19,53,45
47,19,52,45
47,19,52,45
48,20,53,45
49,20,53,45
50,20,55,44
50,20,54,44
49,20,54,45
49,20,54,45
48,20,53,45
48,20,53,45
47,20,52,45
47,20,52,45
47,20,51,44
47,20,51,45
46,20,52,45
46,20,52,45
45,20,53,45
46,20,53,44
45,20,53,44
45,20,52,43
45,19,52,43
46,20,52,43
45,20,53,42
45,20,54,43
45,20,54,43
45,20,53,43
44,20,53,42
44,20,52,42
44,20,52,42
44,20,52,43
43,20,51,43
43,20,51,43
43,20,50,43
43,20,51,44
43,19,52,44
43,19,53,43
43,19,53,43
44,19,52,43
45,20,52,43
45,21,52,43
46,21,52,43
46,21,53,43
46,21,54,43
46,21,54,43
45,21,53,43
45,21,53,43
45,21,52,44
45,21,52,44
45,21,52,45
45,21,51,46
45,21,51,46
44,21,51,45
45,21,51,46
45,21,51,46
45,21,52,46
45,20,52,45
45,20,52,45
45,21,51,45
46,21,51,46
46,21,51,45
46,21,53,45
47,21,53,45
47,21,53,45
46,21,53,45
46,21,53,45
46,20,53,45
45,21,52,45
45,20,51,45
45,20,51,44
45,21,51,44
44,21,51,44
44,20,51,45
44,20,52,45
43,21,53,45
44,21,53,44
44,22,53,44
45,22,52,44
46,23,52,44
46,23,53,44
46,23,53,44
45,22,54,44
45,23,54,44
45,23,54,44
45,22,54,45
45,22,53,45
45,22,53,46
45,22,52,46
44,22,52,46
44,22,51,46
44,22,51,46
44,22,51,46
44,22,52,46
44,22,53,46
43,22,53,45
44,22,52,45
45,23,52,46
45,24,52,46
46,25,52,46
46,25,54,45
46,25,54,45
46,25,54,45
46,25,54,46
46,25,53,47
46,25,53,47
46,25,52,48
45,25,52,47
45,25,52,47
45,24,51,47
45,24,51,47
45,24,52,47
45,23,52,47
44,24,53,46
44,24,53,45
44,24,53,45
44,24,52,45
44,24,52,45
44,24,53,44
44,24,54,44
43,24,54,44
43,24,54,44
43,24,54,44
43,23,54,44
43,23,53,45
42,23,53,45
42,23,52,45
42,23,52,44
42,23,51,44
41,23,51,44
41,23,51,44
41,23,52,45
41,23,53,44
41,23,53,44
41,24,53,44
41,24,52,43
41,24,52,43
41,24,53,44
42,23,53,43
41,23,54,43
41,24,54,43
41,24,54,44
41,24,53,44
41,24,53,45
40,24,52,45
41,24,52,44
41,25,51,44
41,24,51,44
41,25,51,44
41,25,51,44
40,25,52,44
41,25,53,43
41,25,53,43
41,25,52,43
42,25,52,42
42,25,52,42
43,25,53,42
43,25,53,42
42,25,54,42
43,25,54,42
43,25,54,42
44,25,53,42
45,25,53,41
46,25,52,41
47,24,52,41
47,24,52,41
48,24,51,41
48,24,51,42
49,24,52,42
49,24,53,43
48,25,53,43
49,25,54,42
51,25,53,42
52,25,52,42
53,26,53,43
55,25,53,43
56,25,54,42
56,25,54,42
56,25,55,42
55,25,54,42
55,25,53,42
54,26,53,42
54,26,53,42
53,26,52,41
53,26,52,41
52,26,51,41
52,26,51,41
52,26,52,42
52,25,53,42
51,25,55,42
51,25,54,42
51,25,54,41
50,25,53,41
50,25,53,41
50,24,54,41
49,25,54,41
49,24,55,40
49,24,55,40
49,24,54,41
49,24,54,41
48,24,53,41
47,23,53,40
47,23,52,40
47,23,52,40
47,23,51,39
47,23,51,40
47,23,52,40
47,23,53,40
46,22,53,40
47,23,54,39
47,23,53,39
47,24,52,40
47,24,52,40
48,24,53,40
48,24,54,40
48,23,55,39
48,24,55,39
48,23,55,39
47,24,54,40
47,23,54,39
47,23,53,39
46,23,52,39
46,23,52,38
46,23,52,38
45,23,52,38
45,23,52,38
45,23,53,38
44,23,54,38
44,23,54,37
44,23,54,37
43,22,53,37
43,22,53,36
43,22,54,36
43,22,54,36
42,22,55,36
42,22,55,36
42,22,54,37
42,22,54,36
41,22,53,36
41,22,53,36
41,22,52,36
41,22,52,35
41,23,51,35
41,23,51,35
40,23,52,35
40,23,53,35
40,23,53,35
40,23,53,35
40,23,53,35
40,22,52,35
40,23,52,36
40,22,53,35
40,23,54,35
40,23,55,35
39,23,55,35
40,23,54,36
40,23,54,36
40,22,53,37
40,22,53,37
40,23,52,37
39,22,52,38
39,22,52,38
39,22,52,38
38,22,52,39
38,21,53,38
38,22,54,38
38,22,55,38
39,22,54,38
39,22,54,38
40,22,54,39
40,22,54,38
40,22,54,38
40,22,54,38
40,22,54,38
39,22,53,39
39,22,53,39
39,21,53,39
39,21,52,39
39,21,52,39
38,21,51,39
38,21,51,39
38,21,51,39
38,21,52,38
38,21,53,39
38,21,53,38
38,21,53,38
38,20,53,37
37,20,52,38
37,21,53,38
37,21,53,38
37,22,53,38
37,22,54,38
37,22,54,38
37,23,53,38
36,23,53,38
36,23,52,39
36,23,52,39
36,23,52,39
36,23,51,39
35,24,51,39
35,24,51,39
35,24,51,40
35,24,52,40
35,25,53,40
35,25,53,39
35,25,53,39
34,25,52,39
35,24,52,39
35,25,53,39
35,25,54,39
35,25,54,39
35,25,54,39
35,25,54,38
36,25,53,39
36,25,53,39
35,26,52,39
35,27,52,39
35,28,52,38
35,29,51,38
36,30,51,37
35,31,51,37
36,31,51,37
36,32,51,37
37,34,51,36
37,36,50,36
38,37,50,36
39,38,50,36
39,37,50,36
40,38,51,36
40,38,51,36
39,38,51,37
39,37,51,36
39,37,50,36
39,37,50,36
39,36,50,36
38,36,49,36
38,36,49,35
38,36,48,36
39,35,48,36
39,35,49,37
40,35,50,37
40,35,50,36
40,34,50,36
40,34,50,36
39,34,49,36
40,34,49,36
40,34,50,36
40,35,51,36
41,35,51,36
40,35,51,36
40,35,51,36
40,35,50,37
40,34,50,36
40,34,49,36
39,35,49,36
39,34,48,36
39,34,48,36
40,34,48,36
40,34,49,36
40,34,50,37
40,34,51,37
40,34,51,36
40,34,50,37
40,34,50,36
40,35,50,37
40,35,50,37
41,35,51,37
40,35,51,37
40,35,51,36
40,35,51,36
40,36,51,37
40,37,50,37
40,36,50,37
40,36,49,36
40,35,49,36
41,35,49,37
42,35,49,37
42,35,50,38
43,35,51,39
43,35,52,38
42,35,51,38
43,36,51,38
43,37,50,38
43,36,51,38
44,36,51,38
44,36,52,38
44,37,52,38
44,37,52,38
44,38,52,37
44,38,51,37
44,39,51,37
44,39,51,37
44,40,51,38
44,41,50,38
44,41,49,38
44,41,50,38
44,41,50,39
44,41,52,39
43,41,52,38
43,41,52,38
43,41,52,38
43,40,51,38
43,40,51,39
42,39,52,39
42,39,52,39
42,39,52,38
42,39,52,39
42,39,52,39
42,38,51,39
42,39,51,39
42,40,50,40
42,42,50,40
42,44,49,40
42,46,49,39
42,48,49,39
43,50,50,39
43,50,50,39
43,51,50,39
43,55,50,40
43,58,50,40
43,59,49,41
43,59,50,41
43,59,50,42
43,58,51,42
43,58,51,41
43,58,51,42
42,57,50,43
42,57,50,44
42,56,49,44
42,56,49,44
42,56,48,45
43,56,48,45
44,56,48,46
45,55,48,47
46,56,49,47
46,56,50,47
46,56,51,47
46,56,51,47
46,55,51,46
46,55,50,46
47,55,51,46
48,56,51,47
49,57,52,46
50,59,52,46
50,60,52,46
50,60,51,46
50,61,51,45
49,61,51,46
49,62,50,46
49,61,50,47
48,62,49,47
48,63,49,47
49,64,49,47
49,64,50,48
49,64,51,48
49,64,52,47
49,63,52,47
48,63,51,47
48,62,51,46
48,62,51,47
48,61,52,46
47,61,53,46
48,60,53,46
47,61,53,46
47,62,53,45
46,63,53,45
46,63,52,45
46,62,52,44
46,62,51,44
46,61,51,44
46,61,51,44
47,60,51,44
46,60,52,44
46,60,54,44
46,60,54,44
45,60,54,43
45,60,54,43
44,59,53,43
45,59,53,43
45,58,53,43
44,58,54,42
44,58,54,42
44,57,54,42
44,57,53,41
45,57,52,41
46,57,52,42
46,57,52,42
47,57,52,43
46,57,51,43
46,56,51,43
46,55,51,44
45,55,52,45
46,55,53,44
47,55,54,44
48,55,54,44
49,55,53,44
50,54,53,44
51,53,53,44
51,53,54,44
51,52,54,44
51,52,54,43
51,52,54,44
51,52,54,44
52,52,53,44
53,52,53,44
53,51,52,44
55,52,52,45
56,52,51,46
57,52,51,46
57,52,51,47
58,52,52,47
57,51,54,47
58,52,54,46
58,55,54,46
60,58,54,45
63,62,53,46
65,67,54,46
67,71,54,46
68,75,55,45
69,80,56,45
71,84,56,45
71,85,55,45
70,90,55,45
70,97,55,45
70,103,54,44
71,107,54,44
72,107,54,44
73,107,55,44
75,108,56,44
77,112,58,44
80,116,58,44
80,117,59,43
81,118,58,43
81,117,58,43
80,116,58,43
80,115,57,43
80,116,57,43
80,119,57,42
82,124,57,42
83,129,57,43
84,135,57,42
86,143,57,42
89,153,56,42
90,160,56,42
92,161,55,43
92,166,55,45
92,176,56,46
91,182,57,49
91,185,57,52
90,186,57,55
89,185,57,58
89,184,57,58
88,183,58,58
88,181,60,59
87,181,60,62
87,183,60,63
86,182,61,64
85,181,60,64
84,180,60,65
83,182,59,67
82,184,58,67
81,187,58,68
82,190,58,68
82,193,59,67
81,194,58,66
81,195,58,67
80,200,58,66
80,202,57,66
80,203,59,65
80,205,60,65
80,209,60,64
80,212,62,64
81,217,65,64
82,218,67,63
81,221,69,62
81,233,68,62
83,245,68,63
84,257,68,63
86,266,68,62
88,269,68,62
90,271,68,62
92,271,68,63
93,272,67,65
93,271,67,66
93,270,67,66
92,267,67,64
93,265,66,64
95,263,66,64
97,260,65,65
99,258,65,65
101,255,67,66
101,253,69,66
101,250,71,65
100,248,71,64
100,246,71,64
99,243,72,63
98,241,71,63
97,238,71,62
97,237,71,62
96,241,72,62
95,248,73,63
96,256,73,62
97,263,73,63
97,268,74,64
97,274,74,65
97,281,75,65
96,288,78,65
95,294,78,64
94,300,78,64
93,303,77,64
93,304,77,63
93,303,78,62
92,301,79,62
92,297,80,61
92,296,81,61
93,293,82,60
93,293,83,60
93,292,83,59
92,290,82,59
92,290,82,58
91,290,81,58
90,295,81,58
90,304,81,58
89,313,80,58
89,320,79,58
90,326,79,58
91,329,79,58
92,327,78,58
92,325,79,58
92,328,79,58
91,335,79,57
91,345,80,57
92,358,82,56
92,362,82,56
91,359,81,56
90,356,81,55
91,353,81,56
92,349,81,57
92,348,81,57
91,348,80,58
91,349,79,60
91,358,79,61
91,363,79,62
92,366,81,62
92,377,82,62
92,395,83,61
92,407,85,60
92,412,86,60
94,418,87,60
96,426,87,59
99,425,88,59
103,431,89,61
108,446,93,64
113,469,97,65
118,486,103,67
121,485,106,68
120,492,106,69
120,510,106,68
121,547,106,68
121,586,107,69
120,617,106,68
120,632,105,69
120,633,104,69
121,632,103,68
120,632,104,68
119,632,106,68
118,632,108,69
118,632,110,70
117,632,110,70
117,632,112,70
119,633,113,70
122,633,118,69
125,633,123,68
129,633,129,69
133,633,133,71
138,633,133,72
141,632,137,72
142,632,140,73
143,633,138,72
143,633,137,72
142,632,137,72
141,632,139,73
142,632,145,73
143,632,151,72
142,632,150,72
141,632,149,71
141,632,150,72
142,632,152,74
142,632,154,76
140,633,154,75
140,633,155,75
140,633,156,77
141,633,160,81
144,633,164,87
147,633,168,92
150,633,171,96
149,633,172,98
148,632,173,98
146,632,174,97
144,632,175,98
143,632,177,100
142,632,179,104
141,632,180,108
140,632,178,108
139,632,176,107
138,632,176,109
136,633,175,110
137,633,175,109
139,633,174,109
143,633,174,112
147,633,179,118
151,633,187,125
153,633,195,131
151,632,199,135
150,633,201,139
149,633,202,142
149,633,203,143
150,632,204,143
150,632,204,143
150,632,204,141
150,632,203,139
152,632,203,137
151,632,206,136
149,632,206,137
149,633,204,141
150,633,201,144
153,633,200,150
155,633,198,156
155,633,197,160
156,633,200,162
155,632,202,161
154,632,201,160
154,631,203,159
153,632,202,157
151,632,199,157
149,632,197,156
147,632,194,155
146,632,193,156
145,632,191,156
143,633,191,157
143,633,192,156
144,634,197,155
146,633,205,154
150,633,213,156
154,634,222,162
157,634,237,164
158,632,240,162
157,632,241,163
154,632,238,168
155,632,235,170
158,632,232,170
158,632,229,175
157,632,228,181
156,632,228,188
155,632,227,194
154,634,227,200
154,634,228,208
154,633,227,212
154,632,224,213
152,633,222,217
150,633,221,218
150,632,220,216
150,632,221,214
149,632,223,217
149,632,223,217
150,632,219,214
153,632,217,212
155,632,216,213
155,632,217,216
154,632,217,219
155,632,215,219
156,633,216,218
157,633,214,219
155,633,214,223
154,633,215,226
153,633,216,228
151,633,217,229
150,632,216,229
150,632,218,230
151,633,220,233
152,632,225,235
154,632,229,234
155,632,231,232
155,632,233,229
156,632,234,226
154,632,233,227
153,632,235,229
155,633,232,229
160,633,234,230
165,633,236,234
167,633,237,235
167,633,236,236
165,633,233,234
163,633,231,231
162,633,231,230
162,633,230,228
160,632,228,228
158,632,226,229
158,632,224,230
158,632,222,230
158,632,220,230
158,632,218,229
158,633,217,229
157,632,215,228
159,632,215,226
162,633,212,226
165,632,209,226
167,633,208,229
168,633,211,232
167,633,213,233
165,633,212,234
163,632,211,233
163,632,211,230
164,632,210,231
168,632,208,231
169,632,207,228
169,632,208,226
170,632,207,226
174,632,207,226
176,633,210,223
178,633,216,220
178,633,226,218
180,633,239,220
181,633,243,223
183,633,246,229
185,633,248,239
186,632,250,243
183,632,250,240
181,632,247,242
180,632,244,244
177,632,242,241
175,632,241,238
174,632,242,236
173,632,241,234
171,633,237,232
169,633,236,230
169,633,234,231
170,633,231,232
172,633,230,233
175,633,228,237
178,633,226,241
180,633,224,247
181,633,223,253
182,633,228,261
183,632,236,269
185,632,245,274
187,632,252,276
187,632,255,276
185,631,254,282
184,632,251,283
183,632,248,280
183,633,247,276
182,633,247,274
182,633,246,271
182,633,246,268
181,633,249,271
180,633,255,276
180,633,259,279
182,632,257,282
184,632,254,283
184,632,253,279
182,632,252,278
181,632,250,275
180,632,248,273
184,633,248,273
191,633,250,275
198,633,250,276
201,633,249,277
200,633,247,275
199,633,245,272
199,633,244,271
198,633,243,270
198,633,244,271
199,632,248,270
203,632,249,267
209,632,246,263
216,632,243,260
222,632,239,258
224,633,236,256
224,632,233,254
223,632,230,251
220,632,227,248
221,632,225,245
219,632,223,243
217,632,223,242
214,633,223,239
215,633,220,240
218,633,218,243
219,633,218,246
221,633,218,248
223,633,218,249
224,633,216,250
227,633,213,250
230,633,210,249
232,632,207,247
232,632,205,243
229,632,205,241
226,632,205,239
223,632,202,236
221,632,200,235
220,633,200,236
219,633,199,238
219,633,199,241
220,632,198,243
220,633,196,247
220,633,197,246
220,633,198,253
219,633,199,267
217,632,200,274
216,632,205,276
214,632,206,274
212,632,208,273
211,632,208,271
208,632,206,270
207,632,207,270
205,632,205,267
204,633,203,264
202,633,200,265
200,633,199,268
199,633,199,269
199,633,203,267
200,633,209,268
201,633,214,269
199,633,213,268
200,632,215,264
201,632,216,263
201,632,217,262
200,632,217,259
198,632,215,257
196,632,213,255
195,632,211,252
192,632,210,251
191,632,211,250
189,633,210,250
186,633,209,249
185,633,206,249
184,633,204,248
184,633,204,249
184,633,203,248
184,633,202,246
183,632,201,245
183,632,201,245
184,632,199,245
184,632,196,244
182,632,194,242
180,632,191,241
178,632,189,240
176,632,187,238
175,632,186,236
174,633,187,233
173,633,185,233
171,633,183,233
169,633,181,233
168,633,179,234
167,633,179,236
166,633,179,235
164,632,177,234
164,632,175,231
163,632,173,230
161,632,170,228
160,632,168,227
159,632,166,224
158,632,166,223
156,632,166,221
155,632,167,219
156,633,168,217
157,633,168,216
159,633,167,216
159,633,167,216
161,633,165,216
161,633,163,217
160,633,161,217
158,632,159,216
157,632,157,215
156,632,156,213
156,632,154,212
157,632,153,209
158,631,153,206
160,632,152,204
161,631,152,201
161,632,153,200
160,632,155,200
158,633,157,198
157,633,157,199
155,633,157,202
154,633,155,206
154,633,153,208
154,633,151,209
156,632,150,208
156,632,148,206
158,632,146,203
159,632,145,201
159,632,143,198
158,632,143,196
157,632,142,195
156,632,141,196
154,632,141,194
153,632,142,192
152,632,143,191
151,633,143,189
150,633,142,186
149,633,140,185
147,633,138,184
146,633,137,186
145,633,137,190
143,632,136,194
141,632,134,197
139,632,132,199
138,632,131,198
136,632,130,197
135,632,131,194
134,632,132,193
133,632,133,190
132,633,134,187
130,633,136,186
129,633,137,186
128,633,136,187
127,633,135,188
126,633,133,189
125,633,131,189
124,632,130,186
124,632,128,184
124,632,127,183
124,632,126,181
125,632,124,180
125,632,123,179
124,632,123,177
122,632,123,176
121,632,124,173
121,632,126,171
120,633,129,169
119,633,131,168
119,633,132,169
119,633,131,170
120,633,130,170
120,633,128,170
120,633,127,170
120,632,125,168
119,632,125,166
118,632,124,165
117,632,124,163
115,632,125,161
114,632,125,160
114,632,125,158
113,632,126,156
111,632,128,154
110,633,131,153
109,633,133,152
109,632,134,151
110,632,134,152
111,633,133,152
111,633,131,152
111,632,130,150
109,632,128,149
109,632,128,148
108,632,128,146
107,632,128,145
106,632,128,143
105,632,128,142
104,632,129,140
103,632,129,138
104,632,131,137
105,632,134,136
105,633,136,135
104,632,137,134
104,632,137,134
103,633,136,135
102,633,134,136
101,633,133,135
101,633,131,135
100,632,131,133
100,632,131,132
100,632,131,130
100,632,131,129
101,632,131,128
101,632,132,126
101,632,133,125
101,632,135,124
100,633,138,122
100,633,140,122
100,633,141,122
100,633,142,123
100,633,141,123
101,633,140,124
100,633,138,124
99,632,137,123
98,632,137,121
98,632,137,120
97,632,137,118
97,632,137,117
97,632,138,115
97,632,139,114
98,632,140,113
97,632,142,112
96,632,145,110
95,633,148,109
95,633,150,109
96,633,151,109
97,633,151,110
99,633,150,111
100,633,148,112
100,633,147,112
100,632,146,111
99,632,146,110
98,632,146,109
97,632,146,107
96,632,146,106
95,632,147,105
94,632,148,104
93,632,150,103
92,632,152,102
92,633,155,101
91,633,157,100
90,633,159,100
89,633,160,101
87,633,159,101
87,633,158,102
86,633,157,102
85,633,155,102
85,632,155,100
84,632,155,99
83,632,155,98
82,632,155,97
82,632,155,96
82,632,157,95
81,632,157,94
81,632,158,93
81,632,160,92
80,633,163,91
79,633,165,90
79,633,167,91
80,632,168,92
79,633,168,92
80,633,168,93
80,633,166,94
80,632,164,94
79,632,164,93
78,632,164,92
77,632,164,91
76,632,164,90
76,632,165,89
75,632,165,88
74,632,166,87
74,631,167,86
73,632,169,85
73,632,171,85
72,633,174,84
72,633,176,83
73,632,177,83
73,633,178,84
74,633,178,85
74,633,177,86
75,633,176,86
75,632,175,86
74,632,174,85
73,632,175,84
72,632,175,83
72,632,176,83
71,632,177,81
70,632,178,80
70,632,179,79
69,632,180,79
68,632,182,78
69,632,185,77
69,633,188,76
68,633,189,76
67,633,190,76
67,633,191,76
67,633,191,75
67,633,190,75
67,632,189,75
68,632,188,74
67,632,189,73
66,632,189,72
66,632,190,72
65,632,191,71
64,632,192,70
64,632,193,69
63,632,194,69
62,632,197,68
62,632,199,68
62,632,203,67
61,633,205,66
60,633,207,66
60,633,208,65
59,633,207,66
60,633,207,66
59,633,206,66
59,632,205,65
59,632,205,65
58,632,205,64
58,632,206,64
57,632,207,63
57,631,207,62
56,632,209,62
56,632,210,61
55,632,212,60
55,632,214,60
55,633,217,59
54,633,219,59
54,633,221,59
55,633,222,59
54,633,222,58
54,633,222,60
54,633,220,60
54,633,219,59
54,632,218,59
53,632,218,58
53,632,219,58
52,632,219,57
52,632,220,56
51,632,221,56
51,632,222,56
51,632,223,55
51,632,225,54
51,632,228,54
51,633,230,53
51,633,233,54
50,633,234,54
50,633,234,55
51,633,234,56
51,633,232,57
51,633,231,58
51,633,230,57
50,632,229,56
50,632,229,56
49,632,230,55
49,632,230,55
49,632,231,55
48,632,232,55
48,632,233,55
47,632,235,55
47,632,236,54
47,633,240,53
46,633,242,54
47,633,243,55
48,633,245,56
49,633,244,57
50,633,243,59
51,633,242,59
51,632,241,59
51,632,240,59
51,632,240,58
50,632,240,58
50,632,240,58
50,632,240,57
49,632,241,57
49,633,242,56
49,632,243,56
48,633,245,55
48,633,247,55
48,633,250,55
48,633,252,56
48,633,253,58
49,633,253,59
49,633,253,60
49,634,251,61
49,633,249,61
49,633,247,60
48,629,247,60
48,622,247,59
48,616,247,59
47,609,247,58
47,604,248,58
47,599,249,57
47,595,250,57
48,591,251,57
48,586,253,56
47,582,256,55
48,578,257,56
48,574,259,57
49,571,259,59
50,568,259,60
51,564,258,62
51,561,256,63
52,557,255,63
51,552,253,63
51,548,253,62
51,543,253,61
52,540,253,61
52,536,253,60
52,533,253,60
52,530,254,59
52,528,255,58
52,526,256,58
53,524,258,58
53,522,261,58
52,521,262,58
52,519,263,58
52,517,263,59
52,516,262,61
53,515,260,62
55,514,258,63
55,513,257,63
55,511,256,62
56,510,255,62
56,509,254,62
56,508,254,61
56,507,254,60
55,505,254,60
54,504,254,59
54,504,255,59
53,504,256,58
53,504,258,58
53,504,260,57
54,506,261,58
54,507,261,59
55,507,260,61
56,508,258,62
56,508,256,63
56,508,254,63
55,508,252,62
55,509,251,62
55,510,250,61
54,510,250,61
54,512,249,60
53,513,249,60
53,514,250,59
52,516,250,59
52,517,251,59
52,518,253,58
52,519,254,58
52,521,255,58
52,523,256,60
52,525,255,61
52,527,254,63
53,529,252,64
53,531,249,65
54,532,247,65
53,534,246,64
52,535,245,64
52,537,244,63
52,539,244,63
52,540,243,62
51,542,243,62
51,543,243,61
50,544,243,60
50,545,244,60
50,546,246,59
49,547,247,60
50,547,248,60
50,547,247,61
50,547,246,62
51,547,243,64
52,548,241,65
52,548,239,65
51,548,237,65
51,548,236,65
51,549,235,64
51,549,234,64
50,550,234,63
50,549,233,62
50,549,233,62
49,549,233,61
49,549,234,61
49,550,235,60
48,550,236,60
48,551,237,60
48,552,237,62
49,553,236,63
49,553,234,64
50,554,231,65
49,554,229,66
49,554,226,65
48,554,225,65
48,554,224,64
48,555,223,63
49,555,222,63
49,556,221,62
50,557,221,62
50,558,221,62
51,560,221,62
51,560,222,61
51,561,223,60
51,562,225,61
52,563,225,62
53,564,224,63
54,565,223,64
54,566,220,66
55,567,218,67
55,567,215,67
55,568,213,67
55,568,212,67
55,568,210,66
55,568,210,65
55,568,209,64
54,569,208,63
55,569,208,63
55,570,207,62
55,570,208,62
55,571,210,61
55,571,211,61
55,572,211,62
55,572,211,62
54,573,210,62
55,574,208,63
56,574,206,64
57,574,203,64
58,575,201,65
58,575,199,64
58,576,197,63
58,577,196,63
58,578,195,62
58,578,194,62
57,578,194,61
56,579,193,61
56,579,194,60
57,579,195,60
56,579,196,59
56,581,197,59
55,581,197,59
55,582,197,60
56,582,195,61
56,584,193,62
57,585,191,63
58,585,188,63
57,584,186,62
57,584,184,62
57,584,183,61
57,585,182,60
56,585,181,60
56,586,181,59
56,586,180,59
55,587,180,58
55,588,181,58
55,589,182,57
54,589,183,56
54,589,183,56
54,589,183,57
53,590,182,56
54,591,180,57
55,591,178,58
56,592,176,59
56,592,174,59
56,592,172,58
56,593,171,58
56,594,170,57
56,594,169,57
56,594,168,56
55,594,168,55
55,595,167,55
55,596,167,54
54,597,169,54
54,597,170,53
53,598,171,53
53,599,171,54
54,600,171,55
54,601,169,56
55,601,167,56
54,601,165,56
54,601,163,56
53,601,161,55
54,600,160,55
54,600,159,54
53,601,158,54
53,601,157,53
52,602,157,53
52,603,157,52
52,603,157,52
51,604,157,51
51,605,158,51
51,606,160,50
51,606,160,50
53,607,160,50
53,608,159,51
55,609,157,51
55,609,155,52
55,609,153,51
54,609,151,51
54,609,150,51
54,609,148,50
54,609,148,49
54,609,147,49
54,609,146,49
54,609,146,48
53,610,146,48
53,611,146,47
53,612,147,47
52,613,149,46
53,614,150,47
54,616,150,48
55,617,150,48
55,618,148,49
55,618,146,50
56,619,145,50
56,619,143,50
56,620,141,50
55,620,140,49
55,620,139,48
55,621,138,48
55,622,137,48
55,623,137,47
56,624,137,47
55,625,136,47
55,625,137,46
54,626,138,46
55,627,140,46
55,628,140,46
56,629,140,47
57,630,139,47
58,631,138,48
59,632,136,49
59,632,134,49
59,632,133,49
58,632,131,48
58,632,130,48
57,632,129,48
57,632,128,47
56,632,127,47
56,632,127,46
55,632,126,46
55,632,126,46
55,633,127,45
55,633,129,45
54,633,130,45
54,633,130,44
54,633,130,44
54,633,129,44
54,633,127,45
55,633,125,45
55,633,124,45
55,632,123,44
55,632,121,44
54,632,120,43
54,632,119,43
55,632,119,43
55,632,118,42
55,632,118,42
55,632,118,42
55,632,118,41
55,633,120,41
56,633,121,41
56,633,122,41
57,633,121,41
57,633,120,42
58,633,119,44
58,633,118,45
59,633,116,45
59,633,115,45
58,632,114,44
57,632,112,44
57,632,112,44
57,632,111,43
56,632,111,42
56,632,110,42
55,632,110,42
55,632,110,42
55,632,111,42
55,633,112,44
55,633,113,43
55,633,113,43
54,633,113,44
55,633,111,45
55,633,110,46
56,633,109,48
56,633,108,47
56,632,107,47
56,632,105,47
56,632,104,47
56,632,103,46
56,632,103,46
56,632,102,46
55,632,102,45
55,632,102,45
55,632,103,44
55,633,104,44
54,633,106,44
55,633,106,44
56,633,106,45
57,633,105,45
57,634,104,46
58,634,103,47
58,633,103,46
58,633,102,46
57,633,100,45
57,632,99,45
56,632,98,44
56,632,98,44
55,632,98,44
55,632,97,43
55,632,98,43
54,632,98,44
54,633,99,44
53,633,100,44
53,634,102,43
53,634,102,43
52,633,102,43
53,633,101,44
54,633,100,45
54,634,99,45
53,633,98,45
53,633,97,44
52,633,96,44
52,633,95,43
52,632,94,43
51,632,93,43
52,632,93,43
53,632,93,42
53,633,93,42
54,632,93,43
54,633,94,43
54,633,96,44
54,633,97,43
55,633,98,43
56,633,97,43
56,633,97,44
57,634,96,44
58,634,95,45
59,633,94,45
58,633,93,45
58,632,92,45
58,632,91,46
57,632,90,46
57,632,90,46
56,632,89,47
55,632,89,46
56,632,89,46
56,633,90,46
56,633,91,46
55,633,92,45
55,633,94,45
55,633,94,44
56,634,94,45
56,634,94,45
57,634,93,44
57,634,92,44
58,633,91,44
57,633,90,43
57,633,89,43
57,632,88,43
56,632,88,43
56,632,87,43
56,632,87,42
56,632,87,42
56,633,87,42
56,632,87,42
55,633,88,42
55,633,90,43
55,633,91,43
54,633,92,42
54,633,93,41
53,633,92,42
53,633,91,42
54,633,90,42
54,633,89,42
54,633,88,42
55,632,87,41
55,632,86,41
55,632,85,41
55,632,85,41
55,632,84,42
55,632,84,42
54,632,84,42
55,632,84,42
54,632,85,42
54,633,87,42
53,633,88,42
53,633,89,42
53,633,90,41
53,633,90,41
52,633,89,41
53,633,88,42
52,633,87,41
52,633,86,41
52,632,85,41
52,632,85,41
51,632,84,41
51,632,83,41
51,632,83,41
51,632,82,41
51,632,82,42
51,632,82,42
51,632,83,42
51,633,84,43
50,633,86,43
51,633,87,42
51,633,87,42
51,633,87,42
51,633,86,41
51,633,85,41
51,633,84,41
51,633,84,40
51,633,83,40
51,632,82,40
51,632,81,40
51,632,81,39
52,632,80,39
52,632,80,39
51,632,80,39
51,632,80,39
51,632,80,39
51,632,82,40
51,633,83,41
50,633,84,41
50,633,85,41
50,633,85,40
51,633,84,40
52,633,83,40
53,633,82,40
54,633,82,40
54,633,81,40
53,632,80,40
53,632,79,40
52,632,79,40
52,632,78,41
51,632,78,41
51,632,77,41
51,632,77,42
51,632,77,42
50,633,78,43
50,633,80,43
50,633,81,43
50,633,82,43
50,633,82,42
50,633,82,43
50,633,80,43
51,633,80,43
51,633,80,43
50,633,79,43
50,632,78,43
51,632,77,43
50,632,76,43
51,632,76,43
51,632,75,43
51,632,75,42
51,632,75,43
51,632,75,43
51,632,76,43
51,633,78,43
50,633,79,43
50,633,80,43
51,633,80,42
52,633,80,42
52,633,79,42
53,633,79,42
53,633,78,42
53,633,77,42
53,632,77,41
52,632,76,41
52,632,75,41
51,632,74,41
51,632,74,40
52,632,73,40
51,632,73,40
52,632,73,40
52,632,74,40
52,633,76,41
52,633,77,41
52,633,79,41
52,633,79,40
52,633,79,39
53,633,78,39
54,633,77,40
54,633,77,39
54,633,76,39
54,632,75,39
54,632,75,39
52,632,74,40
52,632,73,39
52,632,73,39
52,632,73,39
52,632,72,38
51,632,72,38
51,632,73,38
51,632,74,39
50,633,76,38
49,633,77,38
50,633,77,38
50,633,77,38
50,633,76,38
51,633,76,39
52,633,75,38
53,633,75,39
53,633,74,38
53,632,73,38
53,632,73,37
52,632,72,38
52,632,71,38
52,632,71,38
51,632,71,38
52,632,71,38
51,632,71,38
51,633,72,39
51,633,74,39
51,633,75,39
52,633,75,38
52,633,75,38
52,633,75,38
53,633,74,39
53,633,74,39
54,633,73,39
53,633,73,38
53,632,73,38
52,632,72,38
52,632,71,38
52,632,71,37
51,632,70,37
51,632,69,37
51,632,69,37
50,632,69,37
49,632,71,37
49,633,72,37
49,633,73,36
49,633,74,36
48,633,74,36
49,633,73,37
49,633,72,37
49,633,72,37
49,633,72,37
49,633,72,37
49,632,71,36
49,632,71,37
48,632,70,36
48,632,69,36
48,632,68,36
48,632,68,35
48,632,68,35
48,632,68,35
47,632,69,35
47,633,70,35
47,633,72,36
47,633,72,35
47,633,72,35
47,633,72,35
48,633,71,36
49,633,71,36
48,633,71,36
48,633,70,36
48,632,70,36
48,632,69,35
48,632,68,35
48,632,68,36
48,632,67,36
47,632,67,36
47,632,67,36
48,632,66,35
47,632,67,35
47,633,68,36
47,633,70,36
47,633,70,35
48,633,70,36
49,633,70,36
51,633,69,35
51,633,69,36
52,633,69,35
52,633,69,35
52,633,68,36
52,632,68,35
51,632,67,34
51,632,66,35
50,632,66,34
50,632,65,34
50,632,65,34
50,632,65,34
50,632,65,34
50,632,66,34
50,633,68,34
50,633,69,34
50,633,69,34
50,633,68,34
51,633,67,34
51,633,67,34
52,633,67,35
53,633,67,34
53,633,67,34
53,633,66,34
53,632,66,34
52,632,65,34
53,632,64,33
53,632,64,34
52,632,64,34
52,632,63,34
52,632,64,34
51,632,65,34
51,633,66,34
51,633,67,34
50,633,67,34
50,633,67,34
49,633,67,34
50,633,66,35
50,633,66,35
50,633,66,34
49,633,66,34
49,632,66,34
49,632,65,34
48,632,65,34
48,632,64,34
48,632,63,34
47,632,63,34
47,632,63,34
46,632,63,34
46,632,64,34
46,633,66,34
46,633,67,34
46,633,67,34
46,633,67,34
46,633,67,34
45,633,66,34
45,633,66,33
45,633,66,33
45,633,66,33
45,632,65,33
45,632,65,33
46,632,64,33
47,632,63,32
48,632,63,32
49,632,62,32
49,632,62,32
50,632,62,32
50,632,62,32
49,633,64,32
50,633,65,32
49,633,65,32
50,633,65,32
50,633,65,32
50,633,64,33
51,633,64,33
51,633,65,33
51,633,64,33
51,633,64,33
50,632,63,33
50,632,63,33
50,632,62,34
49,632,62,34
48,632,61,34
48,632,61,34
48,632,60,34
48,632,61,34
48,633,62,34
47,633,63,34
48,633,64,34
48,633,64,35
49,633,63,35
50,633,63,36
51,633,62,36
51,633,63,37
51,633,63,36
51,633,62,36
50,632,62,37
51,632,61,38
50,632,61,38
50,632,60,38
50,632,60,39
50,632,59,39
50,632,59,39
50,632,59,39
50,633,61,40
50,633,62,40
50,633,63,39
50,633,63,39
50,633,63,39
51,633,62,39
52,633,62,40
53,633,62,40
53,633,62,40
53,633,62,39
53,632,62,39
53,632,61,39
53,632,60,38
53,632,60,38
53,632,59,38
52,632,59,39
52,633,58,39
51,632,59,39
51,632,60,39
52,633,61,39
51,633,62,39
51,633,62,39
51,633,62,39
51,633,61,39
51,633,61,39
52,633,61,39
52,633,61,39
52,633,61,39
52,632,60,38
52,632,60,38
52,632,59,37
52,632,59,37
52,632,58,38
51,632,58,37
51,632,58,37
50,632,57,37
51,632,59,38
51,632,60,39
50,633,61,38
50,633,61,38
50,633,61,38
50,633,61,38
50,633,60,39
51,633,60,39
51,633,60,39
51,633,60,39
51,632,60,38
51,632,59,38
51,632,58,38
50,632,58,38
50,632,57,37
49,632,57,37
49,632,56,37
49,632,56,37
50,633,57,37
50,633,58,38
49,633,59,37
49,634,59,37
49,633,59,37
50,633,58,37
50,634,58,37
51,634,58,37
51,634,58,37
52,633,58,36
52,633,58,36
52,633,58,36
52,633,57,36
51,633,56,36
51,632,56,35
50,632,55,35
50,632,55,36
50,632,55,36
50,632,55,36
50,633,57,37
50,633,58,37
49,633,59,36
49,634,58,36
50,633,58,36
51,634,57,36
51,634,57,36
52,634,58,36
52,633,58,36
52,633,58,36
52,633,57,36
51,633,56,36
51,632,56,36
51,632,56,36
50,632,55,35
49,632,55,35
49,632,55,35
49,633,55,36
49,633,56,36
49,633,58,36
49,634,58,36
49,633,58,36
49,633,58,35
50,634,57,36
50,634,57,36
51,634,58,36
52,633,58,36
52,633,58,36
51,633,58,35
51,633,57,35
51,632,57,35
51,633,56,35
51,632,56,35
50,632,55,35
50,632,54,35
50,632,55,35
50,633,55,36
51,633,57,36
50,633,57,36
50,633,58,36
49,634,57,35
50,634,57,36
50,634,57,36
50,634,57,37
50,633,58,36
50,633,58,36
50,632,58,37
50,633,57,37
49,632,57,38
49,632,56,39
49,632,56,39
48,632,55,39
48,633,55,39
48,633,55,39
48,633,55,39
47,633,56,39
47,634,57,38
47,633,57,38
48,633,57,38
48,634,57,38
49,634,56,39
50,634,57,39
50,633,58,39
50,633,58,39
50,633,57,38
50,633,57,38
49,633,57,39
49,632,56,40
49,632,55,40
48,632,55,41
48,632,54,41
47,632,54,41
47,633,55,42
47,633,56,42
47,634,57,42
47,634,58,42
47,633,58,41
47,633,57,41
47,634,56,41
47,634,57,41
47,633,58,41
46,633,58,41
47,632,58,40
47,633,58,40
47,632,57,40
48,632,57,40
47,632,56,40
47,632,55,40
46,632,55,39
46,633,54,40
46,633,55,40
45,633,55,40
46,633,56,40
46,634,57,40
47,633,56,39
47,633,56,39
48,634,55,40
49,634,55,40
50,634,56,40
50,633,56,39
50,633,56,39
49,633,56,39
49,632,55,40
49,632,55,39
50,632,54,39
50,632,54,40
50,632,53,40
50,633,53,40
50,632,53,40
51,633,54,41
51,633,55,41
50,634,56,41
51,634,56,40
51,633,55,40
52,634,55,40
52,634,55,40
52,634,56,40
53,633,57,40
53,633,57,40
52,633,56,39
52,633,56,39
51,633,55,39
52,632,55,39
51,632,54,39
50,632,54,39
50,632,53,40
49,632,53,40
49,633,54,40
49,633,55,41
49,633,56,40
49,633,55,40
50,633,55,40
50,634,55,40
51,634,54,40
52,634,56,40
52,633,56,40
52,633,57,39
52,633,56,39
51,633,56,40
51,632,56,40
51,632,55,40
50,632,54,40
50,632,54,40
50,632,54,40
50,632,54,41
50,633,54,41
49,633,55,41
49,633,56,41
48,633,56,41
49,634,55,40
49,634,55,40
49,634,55,41
50,634,56,41
51,633,56,40
50,633,57,40
50,633,56,40
50,633,56,40
49,633,55,40
49,632,55,40
49,632,54,40
50,632,54,40
50,632,53,40
50,632,53,40
50,633,53,40
51,633,55,40
51,633,55,41
50,633,55,40
51,633,55,39
51,634,54,39
52,633,54,39
53,634,54,39
54,633,55,38
54,633,55,38
54,633,55,38
54,633,54,38
53,633,54,38
53,632,54,38
53,632,53,38
52,632,53,37
51,632,52,38
51,632,51,38
51,632,52,38
51,632,53,39
50,633,54,39
50,633,54,39
50,633,54,38
50,633,53,38
50,633,53,38
50,633,54,39
50,633,55,38
50,633,55,38
50,632,55,38
50,632,55,37
50,632,54,37
51,632,54,37
51,632,53,37
52,632,53,37
52,632,53,36
52,632,52,37
52,632,52,36
52,632,52,36
52,633,53,36
52,633,54,37
52,633,54,37
53,633,53,37
54,633,53,37
55,633,54,36
56,633,54,36
57,633,55,36
57,632,55,36
57,632,55,37
57,632,54,37
57,632,53,38
56,632,53,39
56,632,53,39
56,632,52,40
56,632,52,39
55,632,52,39
55,632,53,40
54,633,54,40
54,633,54,40
54,633,54,40
54,633,54,39
54,633,53,40
55,633,54,40
55,633,54,39
55,633,55,39
55,632,56,39
55,632,55,40
55,632,54,40
55,632,54,40
56,632,54,40
56,632,53,40
58,632,53,41
58,632,52,42
60,632,52,43
61,632,53,44
61,633,54,45
61,633,55,44
62,633,55,44
62,633,54,44
64,633,54,43
65,633,54,44
66,633,55,44
67,633,56,44
68,633,57,43
67,633,56,43
66,633,56,44
67,632,55,44
66,632,55,44
66,632,54,43
66,632,54,43
65,632,53,43
65,632,53,42
64,633,53,42
64,633,54,42
63,633,55,42
63,633,56,41
62,633,56,41
62,633,55,41
62,633,55,41
61,634,55,40
61,633,56,40
61,633,56,40
60,633,56,40
60,633,55,41
59,632,55,42
59,632,54,43
59,632,54,44
59,632,53,45
58,632,53,46
58,632,52,47
57,632,52,47
57,632,54,47
56,633,55,46
56,633,55,46
56,633,55,46
56,633,55,46
57,633,54,47
57,633,55,47
57,633,55,47
57,633,56,46
57,633,56,46
57,632,55,45
57,632,54,46
56,632,54,45
56,632,54,46
55,632,53,46
55,632,53,47
55,632,52,47
55,632,52,47
55,632,53,48
54,632,54,49
54,630,55,48
54,629,55,47
53,628,54,47
54,627,54,47
54,627,54,48
54,626,55,47
54,625,55,47
54,623,55,46
53,622,55,46
53,621,54,46
52,620,54,47
52,618,53,47
51,617,53,47
51,615,52,47
51,614,52,47
50,613,52,47
50,612,53,48
49,611,54,48
49,610,54,48
49,608,55,47
49,608,54,47
50,607,53,47
51,606,54,47
50,606,54,46
50,604,55,46
49,603,55,45
49,602,54,46
49,601,54,45
48,600,54,45
48,599,53,45
48,598,53,45
47,597,52,45
47,596,52,44
47,595,52,44
46,594,52,45
46,593,54,45
46,591,54,45
46,590,55,45
46,588,54,44
46,588,54,44
47,586,54,44
47,585,54,44
46,583,55,43
46,582,55,43
45,580,55,43
46,579,54,43
46,577,54,44
47,575,53,43
47,574,53,44
47,573,52,43
46,572,52,43
46,571,52,43
46,571,52,43
46,571,54,43
46,570,56,43
47,570,56,43
47,570,56,42
48,570,56,42
49,569,55,42
49,568,56,42
50,566,57,41
49,565,57,41
49,564,57,42
48,562,57,41
48,561,56,42
48,559,56,42
47,558,55,42
47,557,55,42
47,557,54,42
46,556,54,42
46,555,54,42
46,554,55,43
47,553,56,43
46,552,57,42
46,552,57,42
47,551,57,42
47,551,56,43
48,551,56,43
48,550,56,42
48,549,56,42
48,547,56,42
48,546,56,42
47,544,55,42
47,542,55,43
47,540,54,43
47,539,54,44
47,537,54,44
46,536,53,44
46,536,53,43
46,535,54,44
45,534,55,44
45,533,56,43
45,533,56,43
46,532,55,43
47,532,55,43
47,532,55,43
47,531,56,43
48,529,56,43
47,528,57,43
47,527,56,42
46,526,56,42
46,525,55,42
46,524,55,43
46,522,54,44
46,521,54,44
46,520,53,45
46,519,53,45
47,517,54,46
47,515,55,46
48,514,55,46
47,513,55,46
47,512,55,46
47,512,54,46
48,512,54,46
48,511,55,47
48,510,55,46
48,510,55,46
48,508,55,45
48,508,55,45
49,507,54,45
48,506,54,45
48,505,53,45
48,504,53,45
47,503,52,44
47,502,52,44
47,502,53,44
47,501,54,44
46,500,55,44
46,499,55,44
46,497,55,44
46,497,54,44
47,496,54,43
47,495,55,43
47,494,55,43
47,492,55,43
47,491,55,42
46,490,55,42
46,489,54,42
46,488,54,42
45,487,53,42
45,486,53,42
45,485,53,42
45,485,52,42
45,484,53,42
45,482,54,43
45,481,55,43
45,481,56,42
45,479,55,42
44,478,55,42
45,478,55,42
45,477,55,42
45,476,56,42
44,474,56,42
44,473,56,41
43,472,55,41
43,472,55,42
43,470,55,42
43,469,54,42
42,468,54,42
42,468,53,42
41,467,53,42
41,466,53,42
41,466,54,43
40,466,55,43
41,465,56,42
42,465,55,42
42,464,55,41
44,464,55,42
44,463,55,42
45,463,55,42
46,461,56,41
45,460,56,42
45,458,56,42
45,457,55,42
44,457,55,42
45,455,54,43
45,455,54,43
44,454,53,43
44,453,53,43
44,452,53,43
44,451,53,44
43,450,55,44
43,450,55,44
43,448,55,43
43,447,55,43
43,447,54,43
44,446,54,43
44,446,55,42
45,445,56,42
45,444,56,42
44,443,56,42
44,442,56,42
43,442,55,42
43,441,55,43
43,441,55,43
43,440,54,43
44,439,53,43
43,438,53,43
43,437,53,44
43,436,55,44
43,436,55,44
43,436,56,43
43,434,55,43
44,434,55,43
44,434,55,43
45,433,56,43
46,432,56,43
46,431,56,43
46,430,56,43
45,428,56,44
45,427,55,44
45,427,55,43
44,426,54,44
44,425,54,44
44,424,53,43
44,424,53,43
44,423,53,43
44,422,54,43
44,421,55,43
44,421,55,42
44,421,55,42
43,420,54,42
44,419,54,42
46,419,54,41
46,418,55,41
46,418,55,41
46,417,55,41
46,416,54,42
45,415,54,42
45,414,53,42
45,413,53,42
45,412,53,42
45,410,52,42
46,409,51,42
46,408,52,43
47,407,53,43
46,406,54,44
46,405,54,43
46,405,55,43
47,404,54,43
47,404,53,43
48,404,54,43
49,404,54,43
49,404,55,43
49,402,55,43
48,401,54,43
48,400,54,43
48,400,53,44
47,399,53,43
47,399,52,43
47,398,52,43
47,398,52,43
47,397,51,42
47,397,52,43
46,396,53,43
46,395,54,42
46,395,54,42
46,394,53,42
46,392,53,41
46,392,53,42
47,392,54,41
47,391,55,41
47,390,55,41
46,389,55,41
46,388,54,40
46,387,54,40
45,386,53,41
45,385,53,40
45,385,52,40
46,383,52,41
47,382,52,41
47,381,52,42
47,380,53,41
47,379,54,41
47,378,54,41
46,378,54,40
46,377,53,41
46,377,53,41
47,377,54,41
47,376,55,41
47,375,55,42
46,373,55,42
46,372,55,42
46,372,54,42
46,371,54,42
46,371,53,42
46,371,53,41
46,370,53,41
46,370,52,41
45,369,52,41
45,369,53,41
45,368,54,40
44,368,54,40
44,367,54,39
44,366,53,39
45,366,53,39
45,366,54,39
46,366,54,39
46,365,55,39
46,364,55,39
46,363,54,39
46,363,54,39
46,362,54,39
45,361,53,40
45,360,53,40
45,359,52,40
44,359,51,40
44,358,52,40
45,358,53,41
45,357,54,41
45,356,54,40
44,355,54,40
44,353,53,40
44,353,53,40
43,352,53,40
43,351,55,39
43,350,55,39
43,350,56,39
43,350,55,39
43,350,54,39
43,349,54,38
43,349,53,38
43,349,53,38
43,349,53,38
44,349,52,38
43,348,52,38
43,347,53,39
43,346,53,40
43,345,53,40
43,344,53,39
43,344,53,39
43,344,52,39
43,343,53,40
44,343,53,40
44,343,54,39
44,343,55,39
44,342,54,39
44,341,54,39
44,340,53,40
43,339,53,40
43,338,52,40
43,338,52,40
42,337,51,40
42,337,51,40
42,336,52,41
43,334,53,42
43,334,53,42
43,333,53,41
43,332,53,41
43,331,51,41
43,331,52,41
44,331,53,41
45,330,54,41
45,330,55,40
45,330,54,40
45,329,54,41
45,329,54,40
44,328,53,41
44,328,53,40
44,327,52,41
44,326,52,41
44,324,52,41
44,324,52,42
45,323,53,42
44,323,54,42
44,323,53,41
44,322,53,41
44,322,52,42
45,322,52,42
46,322,53,42
46,321,54,42
46,320,55,42
46,319,55,42
45,318,55,43
45,317,54,43
45,316,54,43
45,316,53,43
44,315,52,43
44,315,52,42
44,315,52,43
44,315,52,43
43,315,52,43
43,314,53,43
43,313,53,42
43,312,52,42
43,312,52,42
42,311,52,42
43,310,53,42
43,310,54,41
43,309,54,41
43,309,54,41
43,308,54,41
43,307,53,41
42,307,53,41
42,306,52,41
42,306,52,41
41,305,52,41
41,304,51,41
41,304,51,42
40,303,52,42
40,303,52,42
40,302,53,41
39,301,52,41
39,300,51,40
39,300,51,41
39,300,52,41
39,299,53,41
39,298,54,41
38,297,54,41
39,295,54,40
38,295,54,40
38,295,53,41
38,294,53,41
37,293,52,41
37,292,52,41
37,292,51,42
37,292,51,42
37,291,52,43
37,290,52,43
37,289,53,43
37,289,53,42
37,289,52,42
37,289,52,43
38,289,52,43
39,290,54,43
39,289,55,43
39,289,55,42
39,288,55,42
39,287,55,43
39,286,54,44
39,286,54,45
38,285,54,46
38,284,53,47
39,283,53,47
38,282,52,47
38,282,52,47
37,281,53,47
37,282,54,47
38,282,54,47
39,282,53,47
40,282,53,47
41,283,53,48
43,283,54,48
43,282,55,47
43,281,56,47
43,280,56,47
43,279,55,47
44,278,55,47
44,277,54,47
45,276,54,47
45,276,53,47
46,275,53,47
46,275,53,47
46,274,53,46
47,273,53,46
47,272,54,46
46,272,54,46
46,271,53,45
46,270,53,45
47,270,53,45
47,270,54,44
47,269,56,44
47,268,56,43
47,268,56,44
47,268,56,44
47,268,55,44
47,268,55,44
47,268,54,44
47,268,54,44
47,268,53,43
46,268,53,43
47,267,53,43
46,267,54,44
46,266,54,44
46,265,55,43
45,264,54,43
45,264,54,42
45,264,53,43
46,264,54,43
47,264,55,43
47,263,56,42
47,263,56,42
46,262,56,42
46,262,56,42
45,261,55,42
45,261,55,42
45,260,54,43
45,260,54,43
45,259,53,43
45,259,53,43
45,258,53,44
45,257,54,44
44,257,54,43
45,257,54,43
45,257,53,43
46,257,53,44
47,257,54,44
48,257,55,44
49,257,55,44
49,257,56,43
49,256,56,43
49,255,55,44
48,254,55,45
48,253,55,45
48,253,54,45
48,252,54,46
47,251,53,46
47,251,53,46
47,251,53,46
47,250,54,46
46,250,54,46
46,250,55,45
46,250,54,45
47,250,53,45
47,249,54,45
47,250,55,45
48,249,56,44
48,249,56,44
48,248,56,45
47,247,56,44
47,246,56,45
46,246,55,45
46,245,55,45
46,245,54,45
45,245,54,44
45,245,53,44
45,244,54,44
45,244,55,45
45,244,55,45
45,244,55,44
45,243,55,44
44,242,55,43
44,242,54,43
45,241,56,43
45,240,57,42
45,240,58,42
45,239,58,42
44,239,58,41
45,238,58,41
44,239,57,41
44,238,57,40
44,238,56,40
44,238,56,41
43,237,55,41
43,237,55,42
43,236,56,42
43,236,57,42
43,235,57,41
42,235,56,41
43,234,56,41
42,235,55,42
44,235,56,43
43,234,57,42
43,233,58,42
43,232,58,42
43,231,58,42
44,230,58,43
45,229,57,43
45,229,56,43
46,228,56,44
47,227,56,43
47,227,55,43
48,226,55,44
49,225,56,45
50,224,56,45
49,224,56,45
50,224,56,45
50,224,55,44
51,225,55,45
52,225,56,45
53,226,57,45
54,225,57,45
54,225,58,45
54,224,58,45
53,223,57,45
53,222,57,46
52,222,56,45
52,221,56,45
51,221,55,46
51,221,55,46
51,221,54,46
50,221,54,46
50,220,55,46
49,221,56,46
50,220,55,45
49,220,55,45
50,220,55,45
50,220,55,45
51,220,56,46
51,219,57,45
51,218,57,45
50,217,57,45
50,216,56,44
50,215,56,45
50,214,55,45
51,213,55,46
51,213,54,46
50,213,54,45
49,212,54,45
49,212,53,45
49,211,55,46
49,211,55,45
48,211,55,44
48,210,55,44
48,210,54,44
49,210,54,44
49,210,55,44
49,210,56,43
49,209,57,43
49,209,56,43
48,209,56,43
48,208,56,42
48,208,55,41
47,207,55,41
47,207,54,41
46,207,54,41
46,206,54,41
46,205,53,40
46,205,54,41
46,204,55,41
46,204,55,41
46,203,55,40
46,204,54,40
46,203,54,41
47,203,55,41
47,203,56,41
46,203,57,40
46,202,57,40
46,201,57,41
47,200,56,41
46,200,56,41
46,199,55,41
46,199,55,41
46,198,54,41
46,198,53,41
46,198,54,41
45,198,54,41
45,197,55,41
44,197,55,41
44,197,55,40
44,197,54,40
44,197,54,40
45,196,55,41
45,196,56,40
45,196,56,40
45,196,57,40
45,195,57,40
44,195,56,40
44,195,56,40
44,194,56,40
44,193,55,41
44,193,55,41
44,193,54,42
44,192,54,43
43,193,54,43
43,193,55,43
43,192,55,43
43,192,55,43
44,193,55,44
45,193,54,45
46,193,55,45
46,193,55,45
47,192,56,44
47,192,57,44
46,192,57,44
46,191,56,44
45,191,55,44
46,190,55,44
46,190,55,44
46,189,54,43
45,189,54,43
45,188,53,43
46,187,53,44
46,187,54,45
45,186,55,45
45,186,55,45
46,186,55,44
47,187,54,45
47,187,54,45
48,187,55,45
48,188,55,45
48,188,56,45
48,187,56,44
48,187,56,45
48,186,55,45
47,186,55,45
47,185,55,44
47,185,54,45
47,184,53,45
46,183,53,45
47,183,53,45
47,182,54,45
46,181,54,45
46,181,55,44
46,180,54,44
46,180,53,44
46,180,54,45
47,180,54,45
46,181,55,45
47,181,56,45
46,181,56,45
46,181,56,45
46,181,56,44
46,181,55,44
45,181,55,45
45,181,54,45
45,180,53,47
45,179,53,47
45,179,53,47
45,179,54,47
44,179,55,47
44,179,55,46
44,179,55,46
44,179,54,45
44,179,54,46
44,179,54,46
44,178,56,45
44,177,57,45
44,177,57,45
44,176,57,45
43,176,56,44
43,176,56,43
43,177,55,43
43,177,54,43
42,177,54,43
42,177,53,43
43,177,53,43
43,176,53,44
44,175,54,45
45,174,55,44
45,174,54,44
44,173,54,44
44,174,54,44
45,174,54,44
45,174,55,44
46,175,56,44
46,175,56,43
46,175,56,43
46,175,55,43
46,175,55,43
46,175,55,43
46,175,54,43
46,174,53,43
46,174,53,43
46,174,53,43
45,174,53,43
45,173,54,43
45,173,55,42
45,173,54,42
45,173,54,42
45,173,53,42
45,172,54,41
45,172,55,41
45,171,56,41
44,170,56,41
44,170,56,41
43,170,55,40
43,169,55,40
43,169,54,40
42,169,54,40
42,169,54,40
43,169,53,40
42,169,52,40
42,169,52,41
42,169,53,41
42,169,54,41
42,169,54,41
42,170,53,40
43,169,52,40
44,170,53,41
45,170,53,41
45,171,54,41
46,170,55,40
45,170,55,40
46,170,55,40
45,170,54,40
45,170,54,40
45,169,54,39
44,169,53,39
44,169,52,39
44,168,52,39
43,167,52,40
43,167,52,40
43,167,53,40
43,168,54,40
43,167,53,40
43,168,53,40
43,168,53,41
44,168,54,40
44,168,55,40
44,167,55,40
44,167,56,40
44,166,55,40
44,165,55,41
43,164,54,41
44,164,54,41
43,164,54,40
43,164,53,40
42,164,52,39
42,164,52,40
41,164,53,40
41,164,53,40
41,164,54,39
41,164,53,39
41,165,53,39
42,165,53,39
42,165,53,39
43,166,54,39
43,165,55,39
44,165,55,39
44,164,55,38
43,164,54,38
43,164,54,37
43,164,53,38
43,163,53,38
43,163,52,38
42,162,52,38
42,162,51,38
42,162,52,38
41,161,53,38
41,161,54,38
42,162,53,38
42,162,53,38
42,161,52,38
42,161,53,38
42,161,54,38
42,161,55,38
42,160,56,38
42,159,56,38
42,159,55,38
42,159,54,37
41,159,54,37
41,159,54,37
41,159,53,37
40,159,52,37
40,158,52,38
40,157,52,39
40,157,53,39
40,156,54,38
40,156,53,38
41,156,53,38
41,157,53,38
43,157,53,39
44,158,53,39
44,158,55,39
45,157,55,38
44,157,55,38
44,157,55,38
44,157,54,38
43,157,54,38
43,158,53,38
43,158,53,38
43,158,52,38
43,159,52,37
43,158,52,37
42,158,53,38
42,158,54,37
42,158,54,37
43,158,53,37
42,157,53,37
43,157,53,37
43,157,54,38
43,157,55,38
42,157,56,37
42,156,56,37
43,156,56,37
42,156,55,38
42,155,54,38
42,155,54,38
41,155,54,39
41,155,53,39
41,155,53,39
41,155,53,39
41,155,53,40
41,155,54,39
41,155,55,39
42,155,54,39
43,155,53,38
44,156,53,39
46,156,54,40
46,155,55,39
46,155,56,39
46,154,56,39
46,154,56,39
45,154,55,39
45,155,55,39
44,154,54,39
44,155,54,39
44,155,54,39
43,155,53,39
43,155,52,40
43,154,53,40
42,153,54,40
42,153,55,40
42,152,54,39
42,152,54,39
42,152,53,39
42,152,54,39
42,152,55,40
42,152,56,39
42,152,56,39
43,151,56,40
44,150,55,41
44,149,55,42
45,148,54,43
45,148,54,44
46,147,54,44
45,146,53,44
45,147,52,44
45,148,53,44
46,148,53,43
46,149,54,43
48,149,54,43
49,149,53,42
49,149,53,43
51,150,53,43
51,149,54,43
51,149,55,42
51,148,56,43
51,147,56,43
50,147,55,42
50,147,55,42
49,147,54,42
49,147,54,43
49,146,54,43
48,146,53,43
48,145,53,43
48,145,52,45
49,144,54,45
49,144,54,45
49,144,54,44
48,144,53,44
48,144,53,44
49,144,53,45
49,144,54,46
50,145,55,46
50,144,56,45
50,144,56,45
50,144,56,44
50,145,55,45
50,145,55,45
49,144,54,45
49,144,54,45
49,145,53,46
49,144,53,46
49,144,53,47
48,144,54,47
48,144,54,47
48,144,55,47
49,145,54,47
50,145,54,46
51,145,54,46
52,146,54,46
53,145,55,46
53,145,56,46
52,145,56,45
52,145,56,45
52,145,55,45
51,145,55,45
51,144,54,45
51,144,54,45
50,144,54,45
50,144,53,45
49,143,52,45
50,143,53,45
49,142,54,45
49,142,54,44
48,142,54,44
49,142,53,44
48,142,53,44
49,142,53,44
49,142,54,44
49,141,55,44
49,141,55,43
48,141,55,43
48,140,55,43
48,141,54,43
48,140,54,42
48,141,53,43
48,140,53,43
48,140,52,42
48,140,52,43
48,140,52,43
48,140,53,43
48,140,53,42
48,140,53,42
49,141,53,42
50,141,52,42
50,141,53,42
51,141,54,42
52,141,55,42
52,141,55,41
51,140,55,42
51,140,54,41
51,139,54,41
50,138,53,41
50,138,53,41
49,138,53,41
49,138,52,41
49,138,52,41
48,137,52,42
48,137,53,42
48,137,53,42
48,137,53,41
48,137,53,41
48,137,52,41
48,137,52,41
49,137,53,41
49,137,54,41
48,136,55,40
48,135,55,41
47,135,54,41
47,134,54,40
47,134,54,41
46,134,53,41
46,133,53,42
46,133,52,42
46,133,52,42
45,133,51,42
45,133,52,42
45,133,53,41
44,133,53,41
44,133,53,41
44,133,52,41
44,134,52,40
44,134,53,40
45,134,54,40
45,134,55,39
45,134,56,40
45,134,55,40
46,134,55,40
47,135,55,39
48,135,54,39
48,136,54,39
48,136,53,39
49,136,53,40
49,136,53,40
48,136,53,40
48,135,54,40
47,134,54,40
48,133,54,40
48,133,53,39
49,132,53,39
50,132,53,40
51,132,54,39
52,132,55,39
52,132,55,39
52,132,55,38
52,131,55,38
52,131,54,38
52,131,54,38
52,131,53,38
52,131,53,38
51,131,52,39
51,130,52,38
52,130,52,38
51,130,53,38
52,130,53,38
53,131,53,38
53,131,52,38
54,131,52,38
55,131,53,39
56,131,53,38
56,131,54,38
56,130,55,38
56,130,55,39
56,129,55,39
55,128,54,40
55,128,54,40
55,128,53,40
54,128,53,40
54,128,53,40
53,128,52,40
53,127,52,40
52,127,53,40
52,127,53,39
53,126,53,39
53,127,52,39
54,126,52,39
54,126,53,38
55,126,54,39
56,126,55,38
56,126,55,38
56,126,56,38
56,126,55,37
55,126,55,38
55,125,54,37
54,125,54,38
54,125,53,38
54,124,53,37
54,125,53,37
54,124,52,38
53,124,53,39
53,123,53,39
52,123,53,39
53,122,53,39
53,122,52,38
53,122,52,39
54,122,53,39
54,122,54,38
54,122,55,38
54,121,55,37
53,121,55,38
52,121,55,38
52,121,54,38
52,121,54,38
52,120,53,38
51,120,53,38
51,119,52,38
51,119,52,38
50,118,53,39
50,118,53,39
50,118,54,39
49,117,53,39
49,117,53,38
49,117,53,38
50,117,54,38
50,117,55,38
50,117,56,38
49,116,56,37
49,116,56,38
48,115,55,39
48,115,55,39
48,116,55,39
48,116,54,39
48,116,54,39
47,116,53,39
47,116,53,39
46,116,53,40
46,115,54,40
46,115,54,40
46,115,54,39
46,115,53,39
47,115,53,39
47,115,53,39
48,115,55,39
49,115,55,38
49,116,56,38
50,115,56,38
50,116,55,38
50,116,55,38
51,116,54,37
50,116,54,37
50,116,53,37
49,116,53,37
49,115,53,38
49,114,53,39
49,114,54,40
48,113,54,40
49,112,54,40
49,112,53,39
50,112,53,39
51,113,53,40
53,114,54,40
54,115,55,40
55,115,56,40
55,115,56,39
55,115,56,39
56,115,55,40
55,115,55,39
55,115,54,40
55,115,54,40
55,114,53,40
54,114,53,40
54,113,53,41
54,112,54,41
54,111,55,41
53,111,55,41
53,111,55,41
53,112,54,40
54,112,54,42
55,112,55,42
56,112,56,42
56,112,57,41
57,112,57,41
57,112,56,41
57,111,56,42
57,111,56,42
57,111,55,43
57,110,55,43
57,110,54,43
56,110,54,43
56,110,54,43
55,110,54,43
55,109,55,43
55,110,55,42
56,110,55,42
56,110,54,42
57,110,54,42
58,111,55,43
59,111,55,42
59,111,56,42
58,110,57,42
58,109,57,42
57,108,56,42
57,107,56,43
57,107,56,42
56,107,55,43
56,106,54,43
55,106,54,42
55,106,54,43
55,106,54,44
55,106,56,44
56,107,56,44
56,107,55,43
58,107,55,44
58,107,55,44
58,107,55,43
59,107,56,43
59,106,57,43
58,106,57,43
58,105,57,43
57,105,56,43
57,104,56,44
57,104,55,44
56,104,55,43
56,104,54,43
56,104,54,43
55,104,54,43
55,104,54,44
54,103,55,44
54,104,56,44
55,104,56,44
56,104,55,43
56,104,55,43
56,104,55,43
57,104,56,43
56,103,57,42
56,103,57,42
55,102,57,43
55,101,57,43
54,101,56,43
53,100,56,43
53,101,56,44
53,100,55,43
53,101,54,43
53,101,54,43
52,101,54,43
52,101,55,42
51,100,56,42
51,100,56,42
51,100,55,41
51,100,54,40
51,99,55,40
52,99,55,40
52,98,56,40
51,97,57,40
52,97,57,40
52,97,56,40
51,98,56,40
51,98,56,40
51,98,55,40
51,98,54,39
51,98,54,40
50,98,54,39
49,99,54,40
50,98,54,40
50,98,55,41
49,97,55,41
49,96,55,41
49,96,54,40
49,96,54,41
50,96,54,41
51,97,55,42
52,97,56,42
53,97,56,41
53,97,56,41
53,97,56,41
53,97,55,40
53,97,55,40
53,97,54,40
52,97,54,40
52,96,54,40
51,96,53,40
51,95,53,40
51,95,53,40
51,95,54,40
51,94,54,40
50,94,54,40
50,94,54,39
51,94,53,40
51,94,53,40
52,94,54,40
53,94,55,40
53,94,56,40
53,93,56,39
52,93,55,39
52,93,55,39
51,93,55,39
51,93,54,39
50,93,54,39
50,93,53,39
50,93,53,39
49,93,52,40
49,92,53,40
48,92,53,40
48,92,54,39
49,93,53,39
49,93,53,39
50,93,52,39
50,93,53,39
51,93,54,39
51,94,54,39
52,93,55,39
52,93,55,39
51,93,54,39
51,93,54,39
50,93,54,39
50,92,53,40
49,92,53,40
49,92,52,41
48,92,52,41
49,91,51,41
48,91,51,41
48,91,52,41
48,91,52,41
49,92,52,41
50,94,52,42
51,95,51,42
52,97,52,43
53,98,52,44
53,99,54,43
53,99,54,43
53,98,54,43
53,97,54,43
53,96,54,44
54,96,53,44
55,95,53,45
56,94,53,45
56,93,52,45
56,93,52,45
56,93,51,45
56,92,52,45
55,92,53,45
55,92,53,45
55,92,53,44
56,92,52,44
56,92,52,44
58,93,52,45
59,94,53,45
60,93,54,44
60,92,55,44
59,92,55,44
59,92,55,44
59,91,54,43
58,91,54,43
58,91,54,43
58,91,53,43
57,91,53,43
57,91,52,43
56,91,52,43
56,91,52,43
56,91,53,43
56,91,54,42
55,91,53,42
55,90,53,42
55,90,52,41
56,90,52,42
55,90,54,42
56,90,54,42
56,90,55,42
55,90,55,42
55,90,55,42
54,90,54,42
54,90,54,41
53,89,53,42
53,89,53,42
53,89,52,42
53,89,52,42
52,89,52,42
52,88,52,43
52,88,53,43
51,88,54,42
51,88,54,42
52,88,53,42
51,88,53,42
52,88,53,42
53,89,54,42
53,88,54,41
52,88,55,41
52,88,55,41
52,88,55,41
51,87,54,41
51,87,54,41
50,87,53,41
50,87,53,41
49,88,52,41
50,87,52,41
49,88,52,41
49,87,52,41
48,87,53,41
48,87,54,40
48,87,53,40
48,87,53,40
47,87,52,40
48,87,53,40
48,87,53,40
48,87,54,40
47,86,55,40
47,86,55,40
47,85,55,41
47,85,54,41
46,85,54,40
46,85,53,40
46,85,52,40
45,85,52,40
45,85,52,40
45,85,52,40
44,84,52,40
44,84,53,40
44,83,54,40
44,83,53,40
44,83,53,39
44,83,52,39
44,83,53,39
45,83,53,39
45,84,54,39
45,84,55,39
46,84,55,39
45,84,54,38
45,85,54,38
45,85,53,37
45,85,53,38
45,85,53,38
45,85,52,38
45,85,52,37
45,84,51,38
45,84,52,38
44,84,53,39
44,84,53,38
45,84,53,38
45,85,52,38
46,85,52,38
47,85,52,39
47,85,53,39
47,85,53,39
47,85,54,38
47,85,54,39
46,84,53,38
47,84,53,39
47,83,52,39
47,83,52,39
47,82,52,40
47,82,51,40
47,81,51,40
47,81,51,40
47,81,51,40
46,80,52,40
46,80,52,40
46,80,52,40
47,80,52,40
47,81,51,39
48,81,51,40
49,81,52,40
50,81,53,39
50,82,54,39
50,82,54,38
50,81,53,39
50,82,53,38
50,82,52,38
50,82,52,38
49,82,51,38
48,82,51,38
48,81,51,37
48,81,50,38
48,80,51,39
48,80,52,40
48,80,52,40
48,81,52,39
48,81,52,39
48,82,51,39
50,82,52,39
50,82,53,40
51,82,54,39
51,82,54,39
52,82,54,39
51,82,54,39
51,82,54,38
51,82,53,39
50,82,52,38
50,82,52,38
50,82,52,38
50,81,51,39
50,80,51,39
50,80,52,39
51,79,53,39
51,78,53,39
50,78,53,38
50,78,52,39
50,78,52,38
50,78,52,38
50,78,53,38
50,78,53,37
50,78,54,38
49,77,54,38
49,77,54,39
48,78,53,39
48,77,53,39
48,77,52,39
48,77,52,39
48,78,51,38
48,78,51,38
48,78,51,39
47,78,51,39
47,77,52,40
47,77,52,39
47,77,52,39
47,78,51,39
47,78,51,39
47,78,52,39
47,77,53,39
47,77,53,38
48,78,54,38
47,78,54,38
47,78,53,38
47,77,53,38
47,77,53,39
46,77,52,39
46,77,52,39
46,77,51,39
46,76,51,40
45,76,51,40
45,76,51,40
44,76,52,40
45,76,53,40
45,76,52,39
46,76,52,39
46,77,51,40
47,77,52,40
48,77,52,40
48,77,54,40
48,76,54,40
47,75,54,40
47,75,54,41
47,75,53,40
47,76,53,40
46,76,52,41
47,76,52,41
47,77,52,41
46,77,51,41
47,77,51,41
46,77,51,41
46,76,53,42
45,76,52,41
46,76,52,41
46,76,52,41
46,76,52,41
47,76,52,41
47,75,53,40
47,75,53,40
47,75,54,40
46,75,54,40
46,74,54,40
46,74,54,40
45,73,53,40
45,73,53,40
45,74,52,40
45,74,52,40
45,74,52,40
44,74,52,41
44,74,52,41
43,74,53,41
43,74,54,41
44,74,53,40
44,74,53,40
45,74,52,40
45,75,53,40
46,75,54,40
46,74,54,40
46,74,55,39
46,74,55,39
45,74,54,39
45,74,54,39
45,74,53,39
45,74,53,40
45,73,52,40
46,73,52,41
46,72,51,41
46,71,52,41
47,71,52,43
47,70,53,43
47,70,53,42
47,70,53,42
47,70,53,42
48,71,52,42
49,71,52,42
50,71,54,42
50,72,54,42
51,72,55,41
51,72,55,41
51,72,54,42
50,71,54,42
50,71,54,42
50,71,53,42
50,71,53,42
49,71,52,42
49,71,52,42
48,71,52,43
49,70,52,44
48,71,54,44
48,71,54,44
47,71,54,44
47,70,53,43
47,70,53,43
48,71,53,43
48,71,54,44
48,71,55,43
48,72,55,43
48,71,55,43
48,71,55,43
48,72,54,42
48,72,54,42
48,72,53,42
48,71,53,42
47,72,52,42
46,72,52,42
46,72,52,42
46,71,53,42
47,71,53,42
47,71,54,42
46,71,54,41
46,70,53,41
45,70,53,41
46,70,53,41
45,69,54,40
45,69,55,40
46,69,55,40
46,69,55,39
46,70,55,39
47,71,54,39
47,72,54,38
48,73,54,39
49,73,53,39
49,74,52,39
49,74,52,39
48,73,52,40
48,73,53,40
48,72,54,40
47,72,54,40
48,72,54,39
48,73,53,39
48,72,53,39
48,73,53,40
48,73,54,40
48,73,55,40
48,72,55,39
48,72,55,39
48,71,55,39
47,71,54,39
47,71,54,39
47,70,53,40
46,69,53,41
46,69,52,41
46,69,52,41
46,69,52,42
45,69,53,42
45,69,54,42
46,70,54,41
46,70,53,41
47,70,53,41
48,71,53,41
48,71,53,41
49,71,54,41
49,71,55,41
49,71,55,40
49,71,55,40
48,71,55,40
48,71,54,40
47,71,54,40
47,71,53,40
47,71,53,40
46,71,52,40
46,71,52,40
46,70,52,40
46,70,52,41
46,70,54,40
46,71,54,40
46,71,54,40
47,71,53,40
47,71,53,39
48,71,53,40
48,71,54,40
48,70,55,40
48,70,55,39
48,69,55,40
48,69,54,40
48,68,54,40
48,67,53,41
48,67,53,41
48,67,52,42
48,67,52,42
48,66,52,43
48,66,52,42
47,66,52,43
47,66,53,42
48,67,54,42
48,67,53,42
49,68,53,42
51,69,52,42
52,69,53,43
53,69,54,42
53,70,54,42
54,70,55,42
54,70,55,42
53,70,54,42
53,70,54,42
53,69,54,42
52,69,53,42
52,69,53,41
51,69,52,41
51,70,52,41
51,69,52,42
51,70,52,42
50,69,53,42
50,69,54,42
50,69,53,41
50,69,53,40
50,69,53,40
50,69,53,41
50,69,53,40
50,69,54,40
49,68,54,40
50,68,54,40
49,68,53,40
49,67,53,39
49,67,53,40
49,67,52,39
48,67,52,40
48,68,51,40
48,68,51,39
47,68,51,39
47,68,52,40
47,68,53,39
47,68,53,39
48,69,52,39
48,69,52,39
49,69,51,39
50,69,52,39
50,69,53,39
51,69,54,39
50,68,54,39
50,68,53,39
50,69,53,39
49,69,53,39
49,68,52,39
48,69,52,39
48,68,51,40
47,69,51,39
47,69,50,40
47,69,50,40
46,69,51,41
47,69,53,40
47,70,53,40
47,70,52,40
48,70,52,40
48,71,52,39
48,71,52,40
49,71,53,39
48,71,54,39
48,71,54,39
48,71,53,39
48,71,53,39
48,71,52,39
48,71,52,40
48,70,52,40
47,70,51,40
47,70,51,41
47,70,50,41
47,70,50,41
47,70,51,41
48,70,52,41
49,71,52,40
50,72,52,40
52,72,51,41
53,72,51,41
55,72,51,41
56,72,52,41
56,72,53,41
57,72,53,40
56,72,53,40
56,72,52,40
55,72,51,40
55,72,51,40
54,72,51,40
54,72,51,40
53,72,50,40
53,72,50,40
52,72,50,40
52,71,51,41
52,71,52,40
52,71,53,40
52,71,52,40
52,71,51,40
52,71,51,39
53,72,51,40
54,72,52,39
55,72,53,39
55,72,53,39
54,72,53,38
54,71,52,38
54,71,52,38
53,72,52,38
53,71,51,39
52,71,51,39
52,72,50,39
52,72,50,39
51,71,50,39
51,71,51,40
50,71,52,40
50,71,52,40
50,71,52,39
50,71,51,39
51,71,51,39
51,71,52,40
51,71,52,40
50,71,53,40
50,71,53,40
50,71,53,39
50,70,53,39
50,70,52,40
50,70,52,40
50,69,52,41
49,69,51,41
49,69,51,41
49,69,51,41
48,68,51,42
48,68,52,42
48,68,52,42
48,68,53,42
49,69,53,41
50,69,52,41
51,69,52,41
52,70,52,42
53,70,53,42
53,70,54,41
54,70,54,41
53,70,53,41
53,69,53,41
52,70,53,41
52,70,52,41
51,70,52,41
51,69,51,41
50,70,51,41
50,70,50,41
50,70,51,41
50,70,52,42
50,70,53,42
50,69,53,41
49,69,52,41
49,69,52,40
48,69,52,40
49,68,52,40
49,68,53,40
48,68,53,40
48,67,54,39
48,67,53,40
47,67,52,40
47,67,52,41
47,67,51,41
48,67,51,41
48,67,51,41
48,67,50,41
49,67,50,40
49,67,50,41
49,67,51,41
49,67,52,40
49,68,52,40
50,67,52,40
50,68,51,40
50,68,51,40
51,67,51,40
51,68,52,40
51,67,53,39
51,68,53,39
50,67,53,40
50,67,52,41
49,67,52,41
49,67,51,41
49,66,51,41
49,66,50,41
48,66,50,41
48,65,50,40
48,65,50,41
48,65,51,41
48,65,52,41
48,66,53,41
48,66,52,41
48,65,52,40
49,65,52,40
49,66,52,40
50,66,53,40
50,66,54,40
50,65,54,40
50,65,53,39
49,66,53,39
49,66,53,40
48,65,52,40
48,65,52,40
48,65,51,40
48,65,51,41
47,65,50,41
47,64,51,42
46,64,52,42
46,64,53,42
46,64,53,42
47,64,53,41
47,64,52,41
47,64,52,41
48,64,52,41
49,64,52,41
50,64,53,40
50,64,54,40
50,64,54,40
50,64,53,40
50,64,53,40
50,63,52,40
50,64,52,40
50,63,52,40
49,63,51,41
49,63,51,42
48,63,51,42
48,62,52,42
48,62,53,42
47,63,54,42
48,63,53,42
48,63,53,41
48,63,52,41
48,63,52,41
48,63,53,41
48,63,54,41
48,62,54,40
47,62,53,42
47,61,53,42
46,61,53,43
47,61,52,42
46,61,51,43
46,61,51,43
46,61,51,44
46,61,50,43
46,60,51,43
45,60,52,44
45,60,52,43
46,60,52,43
46,60,52,42
47,61,52,42
47,61,52,43
47,61,52,42
47,62,53,42
47,61,54,42
47,61,54,42
47,60,54,42
48,60,53,43
47,60,53,44
47,59,52,44
47,58,52,45
47,58,51,45
47,58,51,45
47,58,50,45
48,58,51,45
48,59,51,45
48,59,52,45
49,60,52,44
49,60,52,44
49,60,52,44
50,60,52,44
50,60,52,44
50,60,53,43
51,60,54,43
51,59,54,43
51,59,53,43
50,59,53,42
51,59,53,42
50,59,52,42
50,60,52,42
50,60,51,42
50,60,51,42
50,60,51,42
50,59,51,42
49,59,52,42
49,59,52,42
49,58,53,42
49,58,52,41
49,58,52,41
50,58,51,41
51,58,52,40
51,58,53,40
51,59,53,40
52,58,53,40
51,58,53,40
51,58,52,40
51,58,52,40
51,57,51,41
50,57,51,41
50,57,51,41
50,57,50,41
50,57,50,41
49,57,51,40
49,57,51,41
48,57,52,41
49,56,52,41
49,57,52,41
50,56,51,40
51,57,51,42
53,58,52,42
54,58,53,43
54,58,54,42
55,58,54,42
54,58,54,42
54,58,53,42
54,57,53,43
54,57,52,44
53,57,52,44
53,57,51,45
52,57,51,45
51,57,51,45
51,57,51,45
51,57,52,46
50,56,53,45
50,56,53,45
50,56,52,44
50,56,52,44
51,57,52,45
50,56,52,44
50,56,53,44
50,55,54,43
50,54,54,44
51,55,53,44
52,54,53,45
52,54,52,45
52,53,52,45
52,53,52,46
52,53,51,46
52,53,51,46
52,54,50,46
52,54,51,45
52,54,52,46
52,54,53,45
53,54,53,45
54,54,53,44
55,55,52,44
56,55,52,44
56,55,52,43
57,56,53,43
58,55,54,43
57,55,54,43
57,55,54,42
57,55,54,43
56,55,54,43
56,55,53,43
55,55,52,42
56,54,52,42
55,54,51,42
55,54,51,42
55,54,52,42
55,53,53,42
54,53,54,42
54,53,54,41
54,53,53,41
54,53,53,41
54,52,52,41
54,53,53,41
53,53,54,41
53,53,54,41
53,52,54,40
53,52,54,40
52,52,53,40
52,52,53,41
52,52,53,41
52,52,52,41
51,52,52,41
51,53,51,41
52,53,51,41
51,52,51,41
51,52,52,41
51,53,53,41
51,52,53,40
52,52,53,40
52,52,52,40
53,52,52,40
54,53,52,40
54,53,53,40
55,53,54,40
55,52,54,39
55,52,53,40
54,53,53,40
54,53,53,40
54,53,52,40
54,54,52,39
53,54,51,39
53,54,51,39
52,54,50,38
52,53,50,39
52,53,51,39
51,53,52,38
51,52,53,38
51,52,52,38
51,52,52,38
52,52,51,38
52,52,52,38
52,52,52,37
52,51,53,37
52,51,53,37
51,50,52,38
51,50,52,38
51,49,52,38
50,49,51,38
50,49,51,39
50,49,51,40
50,49,50,40
49,50,50,39
49,49,50,40
50,48,51,41
49,48,52,40
49,48,52,40
50,49,51,40
51,49,51,40
52,50,51,40
53,50,52,40
54,50,53,40
55,51,53,40
55,50,53,40
54,50,53,40
54,50,52,40
53,50,52,40
53,49,52,40
54,49,51,40
53,48,51,40
53,48,50,40
53,48,50,40
52,47,50,41
52,47,51,41
51,47,52,41
52,47,52,40
53,47,52,40
53,47,51,40
54,48,51,41
55,48,52,41
56,48,53,40
56,49,53,40
56,48,53,40
56,48,53,41
56,49,53,41
56,49,52,41
56,49,52,42
56,49,52,42
56,49,51,42
56,49,51,42
55,49,50,41
55,49,51,42
54,49,51,41
54,49,52,41
55,50,52,41
54,50,52,40
55,50,52,40
56,51,51,40
56,50,52,40
56,51,53,40
57,51,53,40
57,51,53,39
56,50,53,40
56,50,52,40
55,50,52,40
55,50,52,40
55,50,51,40
54,50,51,40
54,50,50,40
53,50,50,40
53,49,51,40
52,50,52,41
52,49,53,40
52,49,53,40
52,50,53,40
52,50,52,39
53,50,52,40
54,51,52,40
54,51,53,40
54,51,54,40
53,51,54,39
53,50,53,39
52,50,53,39
52,51,52,39
51,51,52,39
51,50,51,39
51,50,51,38
51,50,51,39
51,50,51,40
50,49,52,41
50,49,53,42
50,49,54,41
50,49,53,41
50,49,53,41
50,49,53,40
50,49,52,41
51,49,53,40
51,50,53,40
51,50,54,39
52,49,54,40
51,49,53,40
51,49,53,40
51,49,53,40
51,49,52,40
51,49,52,40
51,49,52,41
51,49,51,41
50,49,51,41
50,48,51,41
50,48,52,42
49,48,53,41
49,48,53,41
49,48,53,41
49,48,52,40
49,49,52,40
49,49,52,40
49,49,53,40
49,49,54,39
49,48,54,40
49,48,53,40
49,48,53,40
48,47,52,41
48,47,52,41
48,47,51,41
48,47,51,41
49,47,50,40
49,47,50,41
49,47,51,41
50,48,52,41
50,47,52,41
51,48,52,41
51,48,52,40
52,48,51,40
53,48,52,40
54,48,52,40
54,48,53,40
54,48,53,40
54,48,53,40
53,48,53,40
53,48,52,40
53,47,52,41
52,48,52,41
52,48,51,42
51,48,51,42
51,48,50,43
51,48,50,43
51,47,51,44
50,47,52,44
50,47,53,44
50,47,52,44
50,47,52,43
51,47,52,43
51,47,52,43
52,47,52,43
53,47,53,42
54,47,53,42
53,46,53,42
54,46,53,42
53,46,53,43
53,46,52,43
52,46,52,43
52,45,51,43
52,45,51,43
51,45,50,43
51,44,50,44
50,44,51,44
51,44,52,45
50,44,52,46
50,45,52,45
50,45,51,45
51,44,51,44
51,44,51,44
52,44,52,43
52,44,52,43
52,44,53,43
51,43,53,43
51,43,53,42
51,43,53,42
51,42,52,42
51,42,52,42
51,42,51,42
52,41,51,42
52,41,51,42
53,41,51,43
53,40,51,44
53,40,52,45
54,40,53,44
53,39,53,44
53,39,53,44
53,39,52,44
53,40,52,44
54,40,53,43
55,40,54,43
55,39,54,43
55,39,54,43
55,39,54,43
54,39,54,44
54,39,53,45
54,39,53,46
53,39,53,46
54,39,52,46
53,39,52,46
53,39,51,46
53,39,52,47
52,39,52,47
52,39,53,46
52,40,53,46
52,40,53,46
53,40,52,45
53,40,52,45
53,40,53,45
53,40,54,44
53,39,55,45
53,39,55,45
53,39,54,46
54,38,54,46
54,38,53,47
54,37,53,47
54,38,53,47
54,37,52,48
54,37,52,48
53,38,51,48
53,37,52,49
52,38,53,49
52,37,54,49
53,38,54,48
53,38,53,48
54,38,53,48
54,38,53,47
55,38,54,47
55,39,54,46
56,39,55,46
55,39,55,46
55,39,54,46
54,40,54,46
54,40,54,46
53,40,53,46
53,40,52,46
53,40,52,47
52,40,52,47
52,39,52,48
52,39,52,49
52,39,53,49
52,39,54,49
51,39,53,48
51,40,53,48
52,40,52,48
52,41,52,48
53,41,53,48
53,41,53,47
53,41,54,47
53,41,54,48
52,41,53,48
52,41,53,48
52,40,52,48
51,40,52,48
51,40,51,49
51,40,51,50
51,39,51,50
50,39,50,50
51,39,51,50
51,39,52,51
50,39,53,50
50,39,52,50
51,40,52,50
50,40,51,49
50,39,52,49
51,39,53,48
51,38,54,48
50,38,55,48
50,38,55,49
50,38,54,50
49,38,54,50
49,38,54,50
49,38,53,51
48,38,53,51
48,38,52,52
48,38,52,51
47,38,51,52
48,38,52,53
48,38,53,53
47,38,54,52
47,38,53,52
47,37,53,51
47,37,52,51
46,37,53,50
46,37,53,50
47,37,54,50
46,37,55,49
46,37,54,50
46,37,54,50
46,37,53,50
45,37,53,50
45,37,53,51
46,37,52,52
46,37,52,53
45,36,51,53
45,36,51,54
45,36,52,55
45,36,52,55
45,36,53,55
46,37,53,54
47,38,52,54
47,38,52,53
47,38,52,53
48,37,53,53
48,38,53,53
48,38,54,52
48,38,54,52
47,37,54,53
47,37,53,53
47,37,53,53
47,36,52,53
47,36,52,54
47,36,51,54
47,36,51,54
46,36,51,55
46,36,51,55
46,36,52,55
46,36,53,54
47,37,52,54
47,38,52,54
47,38,52,53
48,37,52,53
48,37,53,52
49,37,54,52
48,36,54,52
48,36,55,52
48,36,54,52
47,36,53,52
47,36,53,52
47,36,53,53
46,37,52,53
46,37,52,53
45,37,51,54
45,38,51,54
45,38,52,55
45,37,53,55
44,36,53,55
45,36,53,54
45,37,52,54
46,37,51,53
47,37,52,53
48,37,53,53
49,38,53,53
48,38,54,52
49,38,54,52
48,38,54,52
48,38,53,52
47,38,53,52
47,38,52,52
47,38,52,52
46,38,52,53
46,38,51,53
46,37,51,53
46,37,51,53
45,37,52,53
45,37,52,53
46,38,52,52
46,38,52,52
47,38,51,52
47,39,51,51
48,39,52,51
48,39,52,51
49,39,53,51
48,39,52,51
48,38,52,52
48,38,52,52
48,38,51,53
47,38,50,53
47,37,50,54
46,37,50,54
46,37,49,54
46,37,49,55
46,37,50,55
45,38,51,55
46,38,52,54
46,39,51,54
46,39,51,53
47,40,51,52
48,40,51,53
49,40,52,52
50,39,52,51
50,39,53,51
50,38,53,51
49,38,52,51
49,39,52,51
49,39,52,52
48,39,51,52
48,39,51,52
48,39,50,52
47,38,50,53
48,39,50,54
48,38,51,54
48,38,51,54
48,37,52,54
48,37,51,54
47,37,51,53
48,37,50,53
48,36,51,52
49,36,51,52
49,37,52,52
49,37,52,51
49,37,52,51
49,37,51,51
48,37,51,51
48,37,51,52
48,38,51,52
47,38,50,52
47,38,50,52
47,38,49,53
47,38,49,53
46,38,50,55
46,38,51,55
46,38,51,56
46,37,51,55
46,38,51,54
47,38,50,54
47,39,50,54
47,39,51,54
47,39,52,53
47,39,52,53
47,39,52,53
47,38,52,53
47,38,52,53
47,38,51,54
47,38,51,55
48,38,50,55
47,38,50,55
47,38,50,56
47,37,50,56
47,38,50,57
47,37,51,56
46,37,51,56
46,37,51,56
47,37,51,55
47,38,51,55
48,38,50,55
49,38,52,54
49,38,52,54
49,38,53,53
49,39,53,55
49,38,53,55
48,38,52,55
48,38,52,55
48,38,51,56
48,38,51,56
48,37,50,55
47,38,50,56
47,38,50,57
47,37,50,57
47,38,51,56
47,38,51,56
47,38,51,55
47,37,50,55
47,37,50,55
48,37,50,54
47,37,51,54
47,37,52,53
47,37,52,53
47,36,52,53
47,36,52,54
46,36,51,54
46,36,51,54
46,36,51,55
46,35,50,56
46,35,49,56
46,35,49,56
45,35,49,56
45,35,50,56
45,35,51,57
44,35,52,56
44,36,51,56
45,36,51,55
45,36,50,55
46,36,50,54
46,36,51,54
47,36,52,54
47,37,52,53
47,36,52,54
47,36,52,54
47,36,51,54
46,36,51,55
46,36,50,55
45,36,50,54
45,36,50,54
45,37,49,54
45,38,49,54
45,38,50,54
44,38,51,55
44,38,51,54
44,38,51,54
44,38,51,53
44,39,50,53
45,39,50,53
46,40,51,52
46,40,52,52
47,40,52,52
46,40,52,52
46,39,52,52
45,39,51,53
46,39,51,52
45,39,51,53
45,39,50,53
45,39,50,53
45,40,50,52
46,40,49,53
45,40,50,53
45,39,51,53
45,39,52,53
45,39,52,52
45,39,51,52
45,39,51,52
46,40,51,51
46,40,52,51
46,40,52,51
46,40,53,50
46,40,53,50
46,39,53,51
45,39,52,51
45,39,51,51
45,39,51,52
45,38,51,52
45,38,50,52
45,39,50,52
45,38,50,53
45,38,50,54
44,38,51,53
44,38,52,53
45,39,52,53
45,39,51,52
46,40,50,52
47,40,51,51
48,40,52,51
48,41,52,51
48,41,53,50
48,40,53,50
48,40,53,50
47,40,52,50
47,39,52,50
47,39,52,50
46,39,51,50
46,39,51,50
46,40,50,49
46,40,50,49
46,40,50,49
46,40,51,49
45,40,51,48
45,40,51,48
45,40,50,48
44,40,50,47
44,39,50,47
44,39,51,47
44,39,52,46
44,39,52,46
43,38,52,46
43,38,51,46
42,38,51,46
42,38,51,46
42,37,50,47