40,78,44,104
39,78,44,103
40,78,44,103
40,78,43,102
41,78,43,101
42,78,43,101
42,78,44,100
41,78,44,101
41,78,43,102
41,78,43,103
41,79,43,104
41,79,43,104
41,79,42,105
41,79,42,106
41,79,42,106
41,79,42,107
41,80,42,108
41,80,42,109
41,80,43,110
41,80,44,110
41,80,44,110
41,80,43,108
42,79,43,107
44,79,43,106
44,79,44,105
45,78,44,105
44,78,44,106
44,79,44,107
44,79,44,108
43,79,43,108
43,80,43,110
43,80,43,110
42,80,42,111
42,80,42,111
42,80,42,112
41,81,42,113
41,81,43,113
41,81,44,113
41,81,44,113
41,80,43,112
41,80,43,110
42,79,43,109
43,79,44,108
42,79,44,108
42,79,44,109
42,80,43,110
42,80,43,112
42,80,43,113
42,80,42,114
42,80,42,115
41,80,42,116
41,80,41,116
41,80,41,117
40,81,42,118
40,82,43,119
40,82,43,119
40,82,43,118
41,82,43,117
41,82,43,116
41,81,43,115
42,80,43,114
42,80,43,114
42,80,44,114
41,80,44,115
42,81,43,116
42,81,43,118
42,82,43,118
42,83,42,120
42,83,42,121
42,83,42,122
41,84,41,122
41,84,42,123
41,85,43,124
40,85,44,124
40,84,44,123
41,84,44,123
41,84,44,122
42,83,43,120
43,83,43,119
43,82,44,119
43,82,44,118
43,82,44,119
42,82,43,120
42,82,43,120
42,82,42,122
42,82,43,123
41,83,42,124
41,83,42,125
41,83,42,125
41,83,42,126
41,84,43,128
40,84,44,128
40,84,44,128
41,84,44,127
41,84,44,126
42,83,43,124
43,82,43,123
43,82,44,122
44,81,44,122
43,81,44,122
43,80,44,123
43,81,43,123
42,81,42,124
42,81,43,125
42,81,42,126
41,81,42,127
42,82,42,128
42,82,42,128
42,83,43,130
42,83,44,130
42,84,44,131
42,84,45,130
42,84,44,130
42,83,44,129
43,82,44,127
43,82,44,126
43,81,44,126
43,81,45,126
43,81,44,126
42,81,44,126
42,80,44,127
42,80,43,127
41,80,43,128
41,81,42,128
41,81,42,129
40,81,42,130
40,82,43,131
40,82,44,132
39,82,45,132
40,82,45,131
40,82,44,131
41,81,43,130
42,81,44,128
44,80,44,127
44,80,45,126
44,80,45,127
44,80,45,127
44,80,44,127
44,80,44,127
44,80,43,128
43,80,43,128
43,80,43,128
42,79,43,129
42,79,42,129
42,80,43,130
42,80,44,132
42,80,45,131
42,79,45,131
42,79,45,130
42,78,44,129
42,78,44,128
43,77,44,126
43,78,45,126
43,77,45,126
43,78,45,127
42,79,44,127
42,79,44,128
43,78,44,128
42,78,43,128
43,78,43,128
43,78,43,128
43,77,42,128
43,77,42,129
43,77,43,130
43,77,44,130
43,78,45,130
43,78,44,129
43,79,44,128
44,78,44,126
45,78,44,125
45,78,45,124
45,78,45,123
45,78,44,123
45,78,44,124
44,78,44,124
44,78,44,125
44,78,43,125
43,78,43,125
43,78,42,126
43,78,42,126
43,79,43,127
42,80,44,128
42,80,44,128
42,80,45,127
42,80,44,126
42,80,44,126
42,80,44,124
43,79,44,123
43,79,44,122
43,79,44,122
43,79,45,122
42,79,44,122
42,78,44,122
42,78,43,122
42,78,43,122
42,78,43,122
42,79,42,122
42,78,42,122
42,78,42,123
42,79,42,124
42,79,44,124
42,79,44,123
43,78,44,122
44,78,43,121
45,78,43,120
45,78,43,119
46,77,43,118
46,77,44,117
46,77,44,117
46,78,44,118
45,78,43,118
45,78,43,118
45,78,43,119
45,78,42,120
45,78,42,120
44,78,42,120
44,78,41,120
44,77,42,121
43,76,42,121
43,75,43,121
44,76,42,120
46,76,42,118
46,76,42,117
48,77,42,116
49,78,42,115
50,79,43,115
51,79,43,115
51,78,43,115
51,79,42,115
50,79,42,116
50,78,42,117
49,79,42,117
49,80,41,117
49,80,41,118
48,79,40,119
48,79,41,120
48,79,41,121
48,81,42,121
47,83,42,121
47,83,42,120
47,83,41,119
47,87,42,118
47,92,42,116
47,95,42,116
47,98,43,116
47,101,42,116
47,104,42,116
47,105,42,117
47,107,42,118
46,107,41,117
46,108,41,118
45,108,40,117
45,109,40,118
45,110,40,119
45,112,41,119
45,112,42,119
45,112,41,118
46,113,41,116
46,114,41,115
48,113,42,114
48,113,43,112
49,112,44,111
49,112,44,111
49,112,44,111
48,111,43,111
48,111,43,111
48,110,43,113
48,111,43,115
47,110,42,115
47,110,42,115
46,110,42,115
47,111,42,117
47,111,43,117
46,111,43,117
46,111,42,115
46,110,42,114
46,109,42,113
47,108,43,111
47,108,44,111
47,107,44,110
47,106,44,111
46,106,44,112
46,105,44,112
46,105,44,113
46,104,43,115
47,104,43,116
47,103,42,117
47,103,42,118
47,103,42,118
46,103,43,119
46,103,43,118
47,103,43,117
47,101,42,116
48,100,42,114
49,100,43,113
50,99,44,112
51,98,44,110
51,98,45,110
51,97,45,110
51,96,45,110
51,96,44,111
51,95,44,111
50,94,43,111
50,93,43,111
50,93,43,111
50,92,43,111
50,92,42,112
50,93,43,112
49,93,43,111
49,93,43,110
48,92,43,109
48,92,42,107
48,92,43,106
48,92,44,105
48,92,45,104
48,91,45,103
47,92,45,104
47,93,45,105
47,92,45,105
47,93,44,106
48,92,44,106
48,92,44,107
47,92,43,107
47,91,43,107
47,91,42,107
46,91,43,108
46,91,44,108
46,91,44,108
46,91,43,107
47,89,43,105
49,89,43,105
51,88,44,103
53,87,45,102
54,86,45,101
56,85,46,101
56,84,45,100
57,83,45,101
56,82,45,101
56,81,44,101
56,81,44,101
56,81,44,101
56,80,43,102
56,81,43,102
55,82,44,103
55,83,44,104
56,83,44,103
57,83,43,102
58,84,43,101
59,83,43,100
60,83,44,99
61,82,45,98
62,82,45,97
62,82,46,96
62,81,46,96
61,81,46,96
61,80,45,97
60,80,45,97
60,79,45,97
59,80,44,98
59,80,44,99
59,81,44,99
59,83,43,99
59,85,44,100
59,88,44,100
60,89,44,99
61,89,44,98
62,89,43,97
63,88,43,96
64,88,45,95
64,87,46,94
64,86,47,94
64,85,47,93
63,84,47,93
63,84,47,93
63,83,47,92
63,83,47,91
63,84,47,90
63,84,46,90
64,83,46,89
64,83,46,88
64,82,45,89
64,82,46,91
64,82,47,93
64,81,47,93
65,82,46,92
65,82,46,92
65,82,46,91
66,81,46,90
67,81,47,89
67,80,48,88
67,80,48,89
66,80,48,90
66,79,47,90
66,78,47,90
66,78,47,91
66,77,46,91
65,77,46,91
65,77,45,92
65,77,45,92
65,78,45,93
64,79,45,94
64,79,46,95
64,79,46,95
64,79,45,95
64,78,45,94
65,78,45,93
66,77,46,92
67,77,47,92
67,76,48,91
66,76,48,90
66,75,48,91
65,76,47,92
64,75,47,94
64,76,46,95
64,76,46,95
64,76,46,94
65,76,45,94
66,76,45,94
66,77,45,94
66,77,45,95
67,76,45,94
68,76,45,93
68,75,44,92
69,74,44,91
70,73,44,91
70,73,46,89
71,72,47,89
70,72,48,89
71,71,49,90
70,71,49,91
70,71,49,91
69,71,48,90
69,70,48,90
69,69,47,90
69,68,47,89
69,68,47,88
69,68,47,87
68,67,47,86
68,68,47,86
68,67,47,85
68,68,47,85
67,68,48,85
68,68,49,85
69,67,51,84
71,66,52,84
71,66,53,87
71,65,52,89
72,65,52,91
71,64,52,92
71,64,51,93
71,64,51,95
70,65,50,96
70,65,50,96
70,66,50,97
70,67,49,97
69,69,49,99
68,71,48,100
68,73,48,101
68,74,48,101
69,75,47,100
70,74,47,99
70,74,47,98
72,73,48,97
73,73,49,96
73,72,50,95
73,71,51,95
73,71,51,95
72,71,51,96
72,71,51,97
71,71,51,97
70,70,51,97
70,70,50,98
70,69,50,98
69,68,50,98
69,68,49,99
68,67,49,100
68,66,49,100
68,66,49,100
69,65,48,99
70,65,48,98
70,65,48,97
71,65,48,96
72,65,49,96
72,67,50,95
72,68,51,95
71,69,51,95
71,71,51,95
71,72,51,95
71,71,50,95
71,71,50,94
71,71,50,94
71,70,49,95
70,70,49,95
71,71,49,96
70,70,48,97
69,70,48,98
69,70,47,98
69,73,47,97
70,78,47,97
70,80,47,96
70,81,48,95
71,80,50,94
71,80,50,93
71,79,51,92
71,79,51,93
71,78,51,93
71,77,51,93
70,76,51,93
70,75,51,93
70,75,50,94
69,75,49,94
69,75,49,94
68,76,49,94
68,77,49,95
67,78,49,96
67,79,49,94
67,79,48,94
67,78,48,92
68,78,48,91
69,76,48,91
70,76,49,90
70,75,50,89
71,75,51,88
70,74,51,88
71,73,51,88
71,73,50,88
71,72,50,87
71,71,49,87
72,71,49,87
72,71,49,86
73,71,48,86
74,71,48,86
74,70,48,86
74,69,48,85
75,69,48,84
76,68,47,83
77,68,47,82
78,68,47,81
79,69,47,81
80,68,48,80
80,68,49,79
81,68,49,78
81,70,50,78
82,71,49,77
82,71,49,76
82,71,49,75
82,71,49,75
82,71,49,74
81,72,48,73
81,72,48,72
81,73,48,72
80,73,48,72
80,74,49,73
80,74,49,73
80,74,49,72
81,74,48,71
81,73,48,71
82,73,48,70
82,73,48,70
82,72,49,69
82,71,49,68
82,70,49,68
82,70,49,67
82,69,48,66
82,68,48,66
82,68,48,65
81,69,47,65
80,71,47,64
80,73,47,64
80,74,47,63
80,75,47,63
81,75,48,62
81,76,48,62
82,76,48,62
83,76,47,62
84,76,47,62
85,76,47,62
87,76,48,63
87,75,48,62
88,75,48,62
88,75,48,61
88,74,48,60
89,73,47,60
89,72,47,59
89,72,47,59
89,71,46,58
89,71,46,58
89,72,46,57
89,74,45,57
89,77,46,56
89,79,46,56
90,82,45,56
90,85,45,56
91,86,45,56
91,86,45,57
92,86,45,57
92,86,45,57
92,85,45,57
93,84,45,56
93,84,45,56
92,84,44,55
92,84,44,55
91,83,44,54
90,83,43,54
89,84,43,54
89,85,43,53
88,85,43,53
87,85,43,53
86,85,44,52
85,85,44,52
85,86,45,52
86,87,45,51
86,89,44,51
87,90,44,52
88,93,44,53
90,95,45,54
91,94,46,54
92,94,47,54
92,97,47,53
92,102,47,52
91,107,46,52
90,112,46,52
90,116,45,51
88,119,45,51
87,121,45,50
86,120,45,50
86,119,46,50
85,117,47,49
84,116,47,49
84,115,48,49
84,114,47,49
84,113,46,49
85,113,47,50
86,115,47,51
87,117,48,51
87,117,48,51
87,115,48,50
86,115,47,50
85,114,47,50
84,113,47,49
83,111,47,49
83,111,46,48
82,112,46,48
83,113,45,49
83,113,45,49
83,118,45,49
83,124,45,49
83,127,46,49
83,127,46,49
84,132,45,49
86,140,45,48
89,150,45,48
91,161,46,48
93,173,47,48
95,180,47,48
96,180,48,48
96,185,48,47
95,191,47,47
95,196,47,46
94,198,47,46
94,205,46,46
94,211,46,46
93,212,46,45
92,213,47,45
92,216,48,45
92,215,48,45
91,214,48,44
90,213,47,44
89,212,47,45
88,213,47,46
88,218,47,46
87,223,48,46
87,224,47,46
87,223,47,45
87,221,47,45
88,219,46,44
88,217,46,44
89,215,46,43
89,213,45,43
90,211,45,43
91,208,44,42
91,207,45,43
91,205,45,42
91,203,45,42
91,201,45,42
92,199,45,42
93,197,44,42
94,195,45,44
95,193,46,45
96,191,46,45
96,188,47,45
96,186,47,44
96,184,46,44
96,182,47,43
95,180,46,43
95,178,45,42
95,175,45,43
94,174,45,42
94,172,45,42
93,170,44,41
94,169,45,41
94,166,45,41
94,164,44,41
94,163,44,41
95,161,44,41
96,160,44,43
97,158,45,44
97,156,45,44
97,154,46,44
97,152,47,44
97,150,46,43
96,149,46,43
95,147,46,42
94,145,45,42
94,144,45,41
93,142,45,41
92,141,44,41
91,139,44,41
91,138,44,40
91,138,44,40
91,136,44,40
92,135,44,40
92,134,44,40
93,134,44,40
94,135,44,41
94,136,45,41
95,136,46,41
95,135,46,41
95,135,46,40
94,136,46,39
93,137,45,39
93,138,45,39
92,137,44,39
91,136,44,38
91,136,44,38
90,135,44,38
90,134,44,38
90,134,44,37
91,132,44,37
91,132,44,38
92,132,43,38
93,133,44,39
93,134,43,40
93,134,45,39
92,134,45,39
91,134,45,39
91,132,45,38
90,131,44,38
89,130,44,38
89,131,44,37
88,133,43,37
87,133,43,37
86,132,43,37
85,132,42,37
85,131,43,37
84,130,43,37
83,129,43,37
82,128,43,36
81,126,43,36
81,125,42,36
80,124,43,37
80,122,43,36
79,121,44,36
79,120,44,36
78,119,44,36
78,118,43,36
78,118,43,36
79,119,43,36
79,118,42,35
80,117,42,35
81,116,41,35
81,116,41,34
82,117,41,34
82,116,42,34
82,117,42,34
83,117,42,34
84,117,42,34
85,115,42,35
86,116,42,36
87,117,43,36
88,116,43,36
88,115,44,36
88,116,44,35
88,116,43,36
87,115,44,35
87,115,43,35
86,113,43,35
85,111,42,35
85,111,42,35
84,109,42,35
84,108,42,35
83,108,42,35
82,106,43,35
82,105,43,35
82,104,42,35
83,103,42,34
84,102,42,35
85,102,43,35
86,101,44,35
86,100,44,35
86,99,44,35
85,98,44,34
85,97,44,34
84,96,44,34
83,94,43,34
83,94,43,34
82,93,43,34
81,92,42,34
80,91,42,34
80,90,43,34
79,90,43,34
79,88,43,34
78,88,43,34
78,87,42,33
78,86,42,34
79,85,43,34
80,84,44,34
80,83,45,34
81,83,46,34
80,81,46,34
80,80,45,34
79,80,45,34
79,79,45,35
78,78,44,35
77,77,44,35
77,77,44,36
76,77,43,35
75,77,43,36
75,76,43,36
74,75,44,37
73,75,44,36
73,74,44,36
73,74,44,36
73,74,43,36
74,73,44,36
74,72,45,35
75,72,46,35
75,71,46,35
74,70,46,35
74,70,46,35
74,69,46,35
74,70,45,35
73,69,45,34
73,69,45,35
72,68,45,35
72,67,44,36
72,67,44,36
71,67,44,37
70,67,44,37
70,66,45,37
70,66,44,37
71,66,44,36
71,66,44,36
72,67,44,36
73,67,45,36
74,68,46,35
73,69,46,35
73,68,47,36
73,68,47,36
72,68,46,36
72,67,46,36
72,67,46,36
72,66,45,37
71,66,45,38
70,65,44,38
69,65,44,38
69,65,44,39
68,64,45,40
68,64,45,39
69,63,45,39
69,62,44,39
70,62,44,38
71,62,44,38
72,62,45,38
72,62,46,38
71,62,47,37
71,61,47,38
70,60,46,38
70,60,46,39
69,59,46,40
68,59,45,40
68,58,45,40
68,58,45,41
68,57,44,40
67,58,44,41
67,57,44,43
66,57,45,43
66,58,45,43
66,59,45,43
66,59,44,42
66,59,44,42
67,60,44,42
68,61,46,41
68,60,46,41
68,60,47,42
68,60,47,42
67,59,47,43
66,60,46,44
66,59,46,44
65,59,46,45
64,58,45,45
64,58,45,46
53,58,50,241
53,58,49,242
52,58,48,244
52,57,48,245
51,57,48,246
51,57,48,247
51,57,47,248
50,56,47,249
50,56,47,250
50,56,48,251
50,56,47,250
51,56,47,250
51,56,46,249
52,56,47,248
52,56,48,247
52,56,49,247
52,56,50,246
53,56,50,247
52,55,50,248
51,54,50,249
51,54,50,250
50,54,49,251
50,53,49,251
49,53,48,252
49,53,48,253
49,53,48,254
48,52,48,254
48,52,48,255
48,52,48,254
48,53,48,254
49,53,47,253
50,54,47,252
51,54,48,250
51,55,49,249
52,55,50,249
52,56,51,249
51,56,51,249
51,56,51,250
51,57,51,250
50,58,50,251
49,58,50,252
49,59,50,252
49,59,49,253
48,60,48,254
48,60,48,256
48,60,49,256
47,61,50,256
47,61,49,256
47,60,49,255
48,60,48,254
48,59,49,252
49,59,50,251
49,58,51,251
49,58,51,251
48,58,52,251
48,59,51,252
47,61,51,253
47,64,51,253
46,65,50,254
47,64,50,255
46,64,49,256
46,64,49,257
47,66,49,258
47,67,49,259
46,66,50,260
47,67,50,260
46,68,49,259
46,70,49,258
46,71,49,256
46,71,50,256
45,70,51,255
46,71,52,256
46,73,52,256
47,74,51,257
48,75,51,257
47,74,51,258
47,73,50,258
47,72,50,259
47,72,50,259
46,71,49,261
46,71,49,262
46,70,50,264
46,70,50,264
47,70,50,264
49,70,50,262
51,70,49,261
52,70,49,259
53,69,49,259
54,69,51,258
54,68,52,258
54,67,52,259
54,68,52,259
54,68,51,259
54,67,51,260
54,67,50,260
53,66,50,262
53,66,50,262
53,66,49,263
52,65,49,264
52,64,49,265
52,64,50,266
51,64,50,265
51,63,49,265
51,63,49,264
51,63,49,263
51,63,49,263
51,63,51,262
50,63,51,261
50,63,52,261
50,62,52,261
50,62,52,263
50,61,51,263
50,61,51,264
50,60,51,265
50,59,50,266
49,59,50,265
49,59,49,266
49,59,50,267
49,58,50,268
49,58,50,268
48,57,50,268
48,57,49,268
48,57,49,266
50,57,49,264
50,57,50,263
51,57,51,263
51,56,51,263
52,56,52,263
51,56,51,264
50,56,51,264
50,55,51,264
50,56,50,265
50,56,50,265
50,56,50,265
49,55,49,266
49,55,50,267
49,55,50,268
49,55,50,268
49,55,50,267
48,55,49,266
48,55,49,264
48,54,49,263
47,54,50,262
48,53,52,262
48,53,52,262
50,52,52,263
50,52,52,263
51,51,51,263
52,51,51,264
53,51,50,265
52,51,50,266
53,51,50,266
52,51,49,267
52,50,49,268
52,50,49,269
53,50,49,269
54,49,49,269
55,49,49,267
56,50,48,266
57,48,49,265
59,49,50,263
60,50,51,262
61,50,52,261
61,50,52,261
60,50,51,261
60,50,51,261
60,50,51,262
60,50,51,262
60,51,50,262
59,51,50,262
59,51,49,261
58,51,49,262
58,50,49,263
58,50,49,263
57,50,49,262
57,49,49,261
57,50,48,260
58,51,49,258
59,51,49,256
59,51,50,256
59,51,50,256
58,51,51,256
57,51,50,257
57,51,50,257
56,51,50,257
56,52,49,257
55,51,49,257
55,52,48,258
55,51,48,258
55,51,48,260
55,51,48,261
55,50,49,261
54,49,49,261
55,50,49,259
55,50,48,257
56,51,48,256
58,52,49,254
59,53,49,252
59,54,50,251
60,54,51,251
60,56,51,251
60,57,51,251
60,58,50,252
60,59,50,252
59,59,49,253
59,59,49,254
58,60,48,255
58,60,48,256
58,60,49,257
58,62,49,258
57,63,49,257
58,62,49,256
58,62,49,254
59,61,48,252
59,62,48,250
61,62,49,249
61,62,50,248
61,61,50,248
61,61,50,248
60,60,50,249
60,59,50,249
59,59,49,249
59,59,49,249
58,59,49,250
58,58,48,250
57,58,48,251
57,58,48,251
56,57,49,252
56,57,49,252
56,57,50,252
56,57,49,251
56,57,49,249
56,57,49,248
57,57,50,247
57,57,50,247
56,57,51,246
56,56,51,246
56,56,51,246
56,55,50,246
54,55,50,247
54,54,49,247
54,54,49,247
54,54,49,247
54,54,48,248
54,54,48,249
55,53,49,251
55,53,49,251
54,52,49,250
54,52,49,249
54,52,49,248
54,53,49,247
55,54,49,245
56,54,50,244
56,54,50,243
56,54,51,243
55,54,50,244
56,55,50,243
55,55,49,243
55,54,49,243
55,54,49,244
55,53,48,244
54,53,48,244
53,53,48,245
53,53,48,245
53,52,49,245
52,52,48,245
53,52,48,243
53,52,48,241
55,53,48,239
56,53,48,238
56,54,49,237
57,53,49,237
57,53,49,238
57,53,49,239
56,53,48,240
56,52,48,240
55,52,47,240
55,52,47,240
55,52,47,239
55,52,46,240
56,52,46,240
57,51,47,241
57,51,47,241
57,50,48,241
57,50,47,240
56,49,47,240
55,49,47,239
56,49,47,239
57,49,48,238
58,49,48,236
59,49,49,236
60,50,49,235
60,50,48,235
61,50,48,234
62,51,48,234
62,51,47,234
62,51,47,235
61,50,46,235
61,50,46,235
60,49,47,236
59,49,47,236
59,48,47,236
59,48,48,235
59,49,47,233
60,49,47,231
61,50,47,229
62,50,47,228
62,50,48,227
61,50,49,226
60,50,48,227
60,48,48,227
60,48,47,228
60,48,47,229
59,47,47,228
58,47,46,229
58,46,46,228
57,47,46,228
57,46,46,228
57,46,47,229
57,45,47,229
57,45,47,228
57,45,47,227
57,44,46,226
58,44,46,224
58,44,47,222
58,43,47,221
58,43,48,221
57,43,48,221
57,43,48,221
57,43,47,221
56,43,47,221
56,44,46,222
55,44,46,222
55,44,46,222
56,44,45,222
55,44,45,222
55,44,46,223
55,43,46,223
55,43,46,223
55,43,46,222
56,43,46,221
57,44,46,218
59,44,46,217
60,44,47,215
60,45,48,214
60,45,49,213
60,45,48,213
60,45,48,213
59,45,48,213
58,45,47,213
58,45,47,214
57,45,47,214
57,45,47,215
57,45,46,217
57,44,47,218
56,44,48,219
56,44,48,218
56,43,48,216
57,43,47,215
57,42,47,213
58,42,47,211
59,43,48,210
60,42,49,209
59,42,49,209
59,42,49,210
58,41,48,210
58,41,48,211
57,41,48,211
57,40,47,211
56,40,47,211
56,40,47,211
56,40,46,211
55,39,46,212
54,39,47,212
54,39,47,211
55,38,47,210
55,38,47,210
55,38,46,208
56,38,47,207
56,39,47,206
56,38,48,205
56,38,48,204
56,38,48,204
56,38,48,204
56,37,48,204
55,37,47,203
55,37,47,203
54,37,46,203
54,36,46,203
54,36,46,204
54,37,46,206
54,37,47,206
54,36,47,206
54,36,47,206
54,36,46,204
54,36,46,203
55,37,46,201
56,37,47,199
56,37,48,198
56,38,49,197
56,38,48,197
56,38,48,197
55,38,48,197
56,38,47,197
56,37,47,198
55,37,47,198
55,37,46,198
54,36,46,198
54,36,46,198
54,36,46,199
53,36,47,198
53,36,46,197
54,35,46,196
54,35,46,194
54,35,46,193
55,35,47,191
55,35,47,190
56,35,48,190
55,35,48,189
55,35,48,189
55,34,49,189
54,34,48,189
54,34,48,189
53,34,47,189
53,33,47,189
52,33,47,189
52,33,47,190
52,33,47,191
51,33,48,191
51,33,48,191
51,32,47,190
50,32,47,189
51,32,47,188
51,32,47,186
52,32,48,185
52,33,49,184
53,33,49,184
52,33,49,184
52,33,49,185
52,32,49,185
51,32,48,185
51,32,48,185
51,31,48,186
51,31,47,186
51,31,47,187
51,31,47,188
51,31,48,188
50,31,48,188
50,31,48,186
50,30,47,186
51,29,47,184
51,30,47,183
52,30,48,181
52,30,49,181
53,29,49,181
52,29,49,181
52,29,49,181
52,29,48,181
52,29,48,180
52,29,48,181
51,29,47,181
51,28,47,181
50,28,47,182
50,28,47,183
50,28,47,184
49,28,48,184
50,28,48,183
50,28,47,182
51,28,47,180
52,28,47,178
53,28,48,177
54,28,49,176
54,29,49,175
53,28,49,176
53,28,49,176
53,28,49,176
52,27,48,177
52,27,48,177
51,27,48,178
50,27,47,178
50,27,47,178
50,26,47,179
49,26,47,179
49,26,48,179
49,27,47,178
49,26,47,177
49,26,46,176
50,27,47,174
51,27,48,172
51,27,49,171
52,27,49,170
51,26,50,170
51,26,50,170
51,26,49,171
50,26,49,172
50,26,48,172
50,26,48,173
49,26,48,174
49,26,48,174
48,26,47,175
48,26,48,176
48,26,48,176
48,26,48,176
48,26,47,174
49,26,47,173
50,26,47,172
51,27,48,170
52,28,49,169
53,28,50,169
53,28,50,169
52,28,50,169
52,28,50,169
51,27,50,170
51,28,48,171
51,29,48,172
51,29,48,172
50,28,48,173
51,28,47,174
50,29,47,175
51,30,47,175
51,30,48,174
50,30,47,173
50,30,47,172
49,29,47,171
50,30,47,170
51,31,48,168
51,32,49,168
52,33,49,167
52,33,49,168
52,34,49,168
51,34,48,168
51,34,48,168
51,34,48,169
51,34,47,169
50,34,47,169
50,35,47,170
50,35,47,171
50,36,47,172
49,35,47,172
49,35,47,171
49,35,47,170
49,34,46,169
49,35,47,167
49,34,48,166
49,34,49,165
49,34,50,165
48,33,50,165
48,33,49,165
47,33,49,165
47,33,49,166
46,32,48,166
46,32,48,167
46,32,48,167
45,31,47,167
45,31,47,168
45,32,48,169
45,32,48,169
45,32,48,168
46,31,47,167
46,31,47,166
47,31,47,164
48,31,48,162
49,31,49,161
49,31,50,160
49,31,50,161
49,31,50,161
49,31,49,162
48,32,49,162
48,31,48,163
47,31,48,163
47,31,48,164
47,30,48,164
47,30,47,165
47,31,48,166
47,31,48,166
47,31,48,166
46,31,48,166
47,31,47,165
46,30,47,163
47,30,47,162
47,30,49,161
47,30,50,160
47,29,50,160
47,29,50,160
46,29,49,160
46,29,49,160
46,28,49,161
46,28,48,161
46,28,48,162
46,28,48,162
46,28,48,163
46,28,48,164
45,27,48,165
45,27,48,164
45,27,48,164
45,27,48,163
45,27,47,162
45,26,48,161
46,26,49,160
46,26,49,159
45,27,50,159
45,26,50,159
44,26,49,160
44,26,49,160
43,26,49,160
44,26,48,160
43,26,48,160
43,26,47,161
43,25,47,161
42,25,47,162
42,25,48,163
42,25,48,162
41,25,48,162
41,25,47,162
42,24,47,161
42,25,47,159
43,25,48,158
43,25,49,157
44,26,49,157
43,26,49,157
43,26,49,157
43,27,48,158
43,27,48,159
42,28,48,159
42,28,47,160
41,28,47,160
41,28,47,160
41,29,46,160
40,29,47,161
40,28,47,161
40,28,47,160
41,28,47,159
41,28,46,158
42,27,46,157
43,28,47,156
43,27,48,155
43,27,48,155
43,28,48,156
43,28,48,157
43,29,47,157
43,29,47,158
43,29,47,158
43,29,47,159
43,29,46,159
43,29,46,159
43,29,46,160
43,29,46,161
43,29,46,161
43,29,47,160
44,29,46,159
44,30,46,158
45,30,46,156
46,29,47,155
47,29,48,154
48,29,48,153
48,30,49,153
48,31,49,153
48,32,48,153
47,33,48,154
47,34,48,154
46,34,47,155
46,34,47,155
46,36,47,155
46,39,47,155
45,42,47,157
45,43,48,157
45,43,47,157
45,44,47,155
45,45,47,155
46,45,46,153
46,45,47,151
46,46,48,150
45,47,48,150
45,47,48,151
45,47,48,151
45,47,48,152
45,47,47,152
45,47,47,152
44,46,47,153
44,46,46,153
43,46,46,153
43,45,46,154
43,45,46,155
43,45,47,155
43,45,47,155
43,47,47,154
44,46,46,153
45,46,46,151
46,45,46,150
47,45,47,149
47,44,48,148
47,44,49,148
47,44,49,148
46,44,48,148
46,43,48,148
46,43,47,148
45,43,47,149
45,43,47,149
45,42,47,149
44,42,46,150
44,42,46,151
45,42,47,152
44,42,47,152
44,41,47,151
44,41,47,150
44,41,46,149
44,40,47,147
44,40,47,146
44,39,48,145
44,40,49,144
44,39,49,145
43,38,49,145
43,38,49,145
42,37,48,145
42,37,48,145
42,37,47,145
42,37,47,147
42,37,47,147
42,36,47,148
42,37,47,150
42,37,48,150
42,36,48,149
43,37,48,148
44,36,47,147
45,36,47,145
46,35,48,144
46,35,48,143
46,35,49,143
45,35,49,143
45,34,49,144
45,34,49,144
44,34,48,144
44,34,48,144
44,34,48,144
44,34,47,145
44,34,47,145
44,34,47,146
44,34,47,147
44,34,48,148
44,34,48,147
44,34,48,146
44,34,47,145
44,34,47,143
44,34,48,142
44,34,48,141
45,33,49,140
46,33,49,140
46,32,49,141
47,32,49,141
47,32,49,141
47,32,48,141
47,31,48,141
46,31,47,141
46,31,47,141
46,30,47,142
46,31,48,143
45,31,48,144
45,31,48,144
45,31,48,143
45,31,47,141
45,30,47,140
45,30,48,138
46,30,49,137
45,30,49,137
45,29,50,137
45,29,50,137
44,29,50,138
44,29,49,138
44,28,49,138
44,28,48,138
43,28,48,138
43,28,48,138
43,28,47,139
43,28,47,139
43,29,48,140
43,29,48,140
42,29,48,139
42,28,47,138
42,28,47,137
42,28,47,135
42,28,48,134
43,28,49,133
42,28,50,133
42,28,50,134
42,27,49,134
42,27,49,134
41,27,49,135
41,27,48,135
41,27,48,135
40,27,48,136
40,27,47,136
41,27,47,138
41,28,48,139
41,28,48,139
41,28,48,138
41,28,48,137
40,28,47,136
41,28,47,134
41,28,48,133
41,27,49,132
40,27,50,132
40,27,50,132
40,27,50,133
39,27,50,134
39,27,49,134
39,26,49,135
39,26,48,135
38,26,48,136
38,26,48,136
38,27,47,137
39,27,48,137
38,27,49,138
38,27,48,137
38,27,48,136
39,27,47,135
40,27,47,134
41,26,48,133
42,26,49,132
43,26,50,132
43,26,51,131
43,25,50,132
43,25,50,131
43,25,50,131
43,25,50,132
42,25,49,132
42,26,48,132
42,26,48,133
42,26,48,133
42,28,48,134
42,28,49,135
41,28,49,134
41,28,48,133
41,28,48,132
41,28,48,131
41,28,48,129
42,28,49,128
42,28,50,128
41,28,51,128
41,28,50,129
40,28,50,129
40,28,50,129
40,28,49,130
39,29,49,131
40,29,48,131
39,29,48,131
39,29,48,132
39,30,48,133
39,30,48,133
39,30,49,133
39,30,49,132
39,29,48,131
40,29,48,129
41,29,48,128
41,29,49,127
42,28,50,127
41,28,50,127
41,28,51,127
41,28,50,127
41,28,50,128
40,27,50,129
40,27,49,129
40,27,49,129
40,27,48,129
39,28,48,130
39,29,48,131
38,30,49,131
39,30,49,131
39,30,48,129
40,30,48,128
41,30,48,126
42,30,48,125
43,30,49,123
44,30,50,123
44,30,51,122
44,29,51,123
44,30,51,123
44,32,50,124
43,33,50,124
43,33,49,124
42,34,48,125
42,34,48,125
42,35,48,125
41,35,48,127
42,36,49,127
42,36,49,127
42,36,49,126
41,36,49,125
41,35,48,124
42,36,48,123
42,36,49,121
43,36,50,121
43,37,50,120
42,37,51,121
42,37,51,121
42,39,51,122
41,39,50,122
41,39,50,122
41,40,49,123
40,40,49,123
40,39,48,123
40,39,48,124
39,40,48,125
39,40,49,125
39,40,49,124
40,40,48,123
41,40,48,122
41,39,48,120
42,39,49,119
43,38,50,118
43,38,50,118
43,38,51,118
42,38,51,118
42,37,50,118
42,37,50,119
42,38,50,119
42,38,49,120
42,38,49,120
42,39,48,121
42,39,48,121
43,39,48,122
43,39,49,122
43,39,49,122
43,39,49,121
42,39,48,119
42,39,48,118
43,38,49,117
44,38,49,115
44,37,50,115
44,37,51,115
44,37,51,115
44,36,51,115
44,37,50,115
44,36,50,115
43,36,50,115
43,36,49,115
43,36,49,116
43,36,48,117
43,36,48,118
43,37,49,118
43,37,49,118
43,37,49,117
44,36,48,116
45,35,48,114
46,35,49,113
47,35,50,112
47,35,51,111
48,35,52,110
47,35,52,110
48,34,52,110
47,34,52,110
48,34,52,110
47,33,51,110
47,34,51,111
47,33,50,112
47,34,50,112
46,33,50,113
46,33,50,113
45,33,51,114
45,33,51,113
45,33,50,112
45,34,49,111
45,33,50,110
45,33,51,108
44,33,51,108
44,33,52,108
45,33,52,109
45,32,51,109
45,32,51,110
45,32,50,110
45,32,50,111
44,32,50,111
44,32,49,112
43,32,49,112
43,32,49,113
43,32,49,114
43,32,50,114
43,33,49,113
44,33,49,112
45,33,48,111
46,33,48,110
47,34,49,109
48,34,50,108
48,34,51,107
48,35,51,107
47,35,50,107
47,34,50,108
47,35,50,109
48,35,49,110
49,36,49,111
50,37,49,111
51,38,48,112
52,39,48,113
52,40,48,115
53,41,49,115
52,40,49,115
52,40,49,114
52,40,48,113
53,40,48,112
55,40,49,111
56,40,50,109
58,41,51,108
59,41,52,107
59,40,52,107
59,40,52,107
59,40,51,108
59,40,51,108
58,41,50,109
57,42,50,109
57,43,50,110
57,44,50,110
57,44,49,111
57,44,50,111
57,44,50,110
56,44,50,109
56,48,49,108
55,53,49,107
55,55,49,106
55,57,51,104
55,58,52,104
54,59,53,104
54,58,53,104
54,59,53,105
53,58,54,105
53,58,54,106
53,60,54,106
53,63,53,107
53,63,53,107
54,63,53,107
54,63,53,108
54,65,53,109
55,68,53,109
56,72,53,108
57,72,52,107
57,75,52,106
58,81,52,104
57,84,53,104
57,87,54,104
57,90,55,105
58,92,55,107
59,92,56,108
61,92,55,109
61,92,55,110
61,93,55,111
61,95,56,110
60,96,58,109
61,97,61,108
61,100,63,108
62,101,63,108
63,102,63,108
64,103,63,109
65,107,64,109
65,111,67,109
64,112,68,108
64,111,67,109
64,110,66,110
64,108,66,112
65,108,67,114
66,108,69,116
67,109,71,116
68,112,73,115
70,114,74,114
70,114,75,113
69,113,77,111
68,112,78,110
68,110,79,110
67,109,82,110
67,108,86,109
67,106,93,108
67,106,98,107
67,105,102,106
67,104,108,106
67,105,116,105
68,109,124,104
68,114,125,103
68,118,125,101
69,125,124,100
72,129,122,99
74,128,121,98
77,127,120,97
80,127,119,98
82,125,120,103
85,126,122,113
86,128,128,123
87,135,136,127
90,143,148,127
92,151,162,127
96,161,173,131
98,168,183,134
100,172,194,136
101,174,204,140
101,174,209,144
101,179,214,145
99,185,219,144
98,186,221,143
98,188,219,141
98,195,218,143
99,207,217,150
100,224,216,159
102,239,217,170
103,245,218,181
102,242,218,190
102,240,220,193
102,246,223,191
103,259,222,190
102,266,224,191
101,269,228,196
101,268,235,206
101,265,245,215
104,262,254,219
108,263,252,220
112,265,251,217
114,268,248,214
115,268,249,212
117,268,253,212
116,269,253,211
115,272,256,212
115,273,255,215
114,270,253,223
113,270,251,227
113,269,248,225
114,265,245,227
116,262,247,231
116,263,249,236
117,265,250,237
119,265,253,239
118,262,259,244
117,259,268,251
118,259,275,256
120,258,286,262
122,263,297,265
123,275,295,263
122,292,292,260
124,305,297,256
128,320,311,254
133,343,334,253
138,369,353,255
142,395,354,263
145,425,350,275
144,451,346,287
142,475,343,290
142,496,339,289
143,518,336,296
145,546,331,315
147,573,333,346
150,597,339,380
151,625,341,402
150,632,337,408
150,633,333,403
149,633,328,397
147,632,327,393
146,633,334,389
146,633,348,389
146,633,369,389
146,632,392,387
147,632,401,383
145,632,400,383
145,632,396,379
147,632,392,374
148,632,391,372
149,632,400,380
150,632,403,394
152,632,406,409
157,632,415,423
162,633,417,423
175,633,416,419
195,633,416,416
210,633,413,426
217,633,412,448
220,633,421,475
220,632,435,509
227,632,448,547
232,632,459,579
234,632,470,590
234,632,488,585
231,632,496,586
231,632,489,579
236,632,483,581
239,632,479,591
245,632,480,600
251,632,477,611
254,633,472,614
255,633,467,613
260,632,465,613
272,632,465,628
281,633,465,634
286,633,460,633
285,633,466,633
283,632,477,633
281,632,489,633
281,632,498,633
283,632,500,632
286,632,497,632
293,632,504,633
299,632,524,633
300,632,552,633
301,632,575,633
306,633,587,633
312,632,583,633
316,632,589,633
319,632,590,633
321,632,584,633
322,632,583,633
327,632,586,633
335,632,586,633
342,632,586,633
345,632,588,632
342,631,593,632
345,631,606,632
348,632,632,633
344,632,632,633
343,632,632,633
343,632,633,633
347,632,633,633
352,632,628,633
353,632,624,633
352,632,622,633
349,632,625,633
347,632,629,633
344,632,631,633
347,632,632,633
352,632,632,633
354,632,632,633
353,632,632,633
350,632,632,632
347,631,632,633
342,632,632,633
337,632,632,633
336,633,633,633
339,633,633,633
343,632,633,633
345,632,633,633
346,633,633,633
346,632,633,633
347,633,633,634
348,632,633,633
346,632,633,633
342,632,632,632
338,632,632,632
335,631,632,632
336,631,632,632
338,632,632,633
336,632,632,633
335,632,632,633
339,632,633,633
344,633,633,633
351,632,632,633
355,633,633,634
354,632,633,633
351,632,633,633
347,632,633,633
344,632,633,633
342,632,632,633
339,632,632,633
336,632,632,633
332,632,633,633
328,632,632,633
325,632,633,633
325,632,633,633
325,632,632,633
323,632,633,633
322,633,633,634
323,633,633,633
327,632,633,634
333,632,633,633
337,632,632,633
335,632,633,634
331,632,633,633
328,632,633,633
332,632,632,633
334,632,633,633
332,632,632,633
330,632,633,633
327,632,632,633
325,632,632,633
325,632,633,633
324,632,633,633
322,633,633,633
318,632,633,634
314,632,633,634
314,633,633,634
324,633,633,634
337,633,633,634
351,632,633,633
361,632,633,633
362,632,633,633
358,632,632,632
356,632,632,633
352,632,632,633
351,632,632,633
356,632,632,633
361,632,632,633
361,632,633,633
360,632,633,633
365,632,633,633
369,632,633,633
368,632,632,633
363,633,634,634
359,633,633,633
355,632,632,633
352,632,632,633
349,632,632,633
347,632,633,633
344,632,633,633
347,632,632,633
355,632,632,633
367,632,632,633
377,632,632,633
377,632,633,633
375,632,633,633
379,632,633,633
377,633,633,634
379,632,632,633
380,632,632,633
387,633,633,633
390,633,633,633
390,632,633,633
388,632,633,633
385,632,632,633
383,632,631,632
380,632,632,632
376,631,633,632
373,631,631,633
371,632,631,633
367,632,632,633
363,632,632,633
361,633,633,634
361,632,633,633
363,632,632,633
364,633,633,633
364,632,633,633
362,632,633,633
361,632,633,633
365,632,632,633
375,632,632,633
390,632,632,633
406,632,631,632
409,631,631,632
409,631,632,632
414,632,632,632
416,632,632,633
416,632,632,633
414,632,632,633
411,632,632,633
406,632,632,633
402,632,632,633
402,632,633,633
402,632,633,633
400,632,633,633
397,632,632,633
397,632,633,633
400,631,632,632
396,632,632,633
403,632,632,632
416,632,632,632
420,632,632,633
417,632,625,633
413,632,618,633
411,632,614,633
407,632,615,633
409,632,609,633
409,632,612,633
408,632,627,633
404,632,632,633
401,632,632,633
396,632,633,633
393,632,632,632
390,632,631,632
385,631,631,632
385,631,631,632
385,632,632,632
383,632,632,633
379,632,632,633
373,632,632,633
370,632,632,633
365,632,632,633
361,632,632,633
356,632,633,633
351,632,633,633
347,633,633,633
344,633,633,633
340,632,633,633
340,632,632,633
342,632,632,633
343,632,632,632
340,631,632,632
340,631,632,632
336,632,632,633
333,632,632,633
331,632,630,633
331,632,632,633
331,632,632,633
333,633,633,633
333,632,633,634
333,633,633,633
333,632,633,633
333,632,632,633
330,632,632,633
326,632,632,632
322,632,632,633
319,632,632,633
317,632,632,633
315,632,632,633
312,631,625,632
309,632,621,633
306,632,616,633
303,632,608,634
300,633,600,634
299,632,594,634
298,632,588,633
297,633,581,634
296,633,573,634
294,632,566,633
292,632,561,633
290,632,555,633
288,632,550,633
287,632,543,633
285,632,536,633
282,632,529,633
279,632,523,633
276,632,516,633
273,632,509,633
269,633,502,634
267,633,496,634
264,633,491,634
261,632,485,633
257,632,480,633
254,633,476,633
252,633,471,633
250,632,466,633
248,632,460,633
246,632,455,633
243,632,451,633
241,632,447,633
240,632,442,633
241,632,438,633
243,632,434,633
244,632,428,633
243,632,423,633
243,633,419,634
241,633,414,634
240,633,409,633
239,633,403,634
238,633,399,634
236,633,395,634
234,633,392,633
233,632,388,633
230,632,383,633
227,632,378,633
226,632,373,633
225,632,369,633
225,632,364,633
225,632,362,633
224,632,358,633
224,633,355,634
223,633,350,634
224,633,347,634
224,633,345,633
224,633,344,633
223,633,340,634
223,633,336,633
223,633,333,633
222,632,329,633
222,632,325,633
222,632,321,633
222,632,319,633
221,632,316,633
218,632,312,633
216,632,308,633
214,632,305,633
212,632,304,633
210,633,302,634
209,633,298,634
211,633,294,634
212,633,291,634
213,633,290,634
214,633,289,634
213,633,286,633
211,632,283,633
209,632,284,633
208,632,284,633
206,632,283,633
204,632,280,633
203,632,277,633
202,632,273,633
200,632,271,633
198,632,270,634
196,633,270,634
194,633,267,634
193,633,264,633
192,633,261,633
192,633,260,633
191,633,257,633
190,633,254,633
190,632,251,633
188,632,248,633
187,632,245,633
185,632,241,633
184,632,239,633
183,632,236,633
183,632,233,633
182,632,230,633
182,632,227,633
181,632,225,633
180,633,223,634
180,632,221,633
180,632,219,633
180,633,216,633
181,633,213,634
180,633,210,633
180,632,208,633
179,632,205,633
178,632,202,633
177,632,200,632
176,632,199,633
175,632,197,632
174,632,195,633
173,632,194,633
172,632,194,633
171,632,193,633
171,633,191,633
172,633,189,634
173,633,187,633
174,633,185,633
175,632,183,633
175,633,181,633
174,632,179,633
172,632,178,633
170,632,176,632
169,631,176,632
167,632,176,633
164,632,176,633
162,632,175,633
160,632,175,633
159,632,176,633
157,632,176,633
156,632,178,634
156,632,177,634
157,632,177,633
158,632,176,633
158,633,175,634
159,632,173,633
158,632,171,633
157,632,169,633
156,632,168,633
154,632,168,633
153,632,167,633
152,632,167,633
152,632,167,633
151,632,167,633
151,632,168,633
150,632,170,633
150,633,173,634
150,633,175,634
151,632,176,633
151,632,176,633
152,632,175,634
153,633,173,633
153,632,171,633
153,632,169,633
152,632,169,633
151,632,170,633
151,632,170,633
150,632,170,633
150,632,171,633
148,632,172,633
147,632,173,633
145,632,175,633
143,633,177,634
142,633,179,634
142,632,180,634
141,632,181,633
141,632,180,633
141,632,179,633
141,632,178,633
141,632,178,633
140,632,178,633
140,632,179,633
140,632,181,633
139,632,182,633
137,632,184,633
137,632,185,633
137,632,186,633
137,632,189,633
137,633,193,634
137,633,195,634
138,633,196,633
139,632,197,633
140,633,197,634
140,633,194,634
139,633,192,634
139,632,189,633
138,632,187,633
137,632,184,633
136,632,184,633
134,632,187,633
133,632,192,633
131,632,195,633
130,632,197,633
129,632,198,633
128,633,201,634
127,633,204,634
127,633,205,634
126,632,207,634
127,632,208,634
126,633,208,634
126,632,208,634
124,632,208,633
124,632,208,633
124,632,207,633
124,632,207,633
124,632,206,633
124,632,207,633
124,632,207,633
123,632,208,633
122,632,210,633
121,632,213,633
120,632,215,633
121,633,216,633
122,632,217,633
122,633,216,633
124,632,216,634
124,633,214,634
124,632,213,633
123,632,213,633
121,632,213,632
120,632,213,632
119,631,214,632
117,631,214,632
116,632,215,632
115,632,215,632
113,632,217,632
112,632,219,633
111,632,221,633
110,632,223,633
110,633,223,633
110,632,224,633
110,632,223,633
110,632,221,633
110,632,221,633
110,632,220,632
110,632,219,632
111,632,219,632
112,632,220,632
113,632,220,632
115,632,220,632
116,632,221,632
116,632,222,632
117,632,224,633
117,632,227,633
117,632,228,633
117,632,229,633
118,632,230,633
120,632,229,633
121,632,228,633
121,632,226,633
121,632,225,633
120,632,224,632
120,632,224,632
118,632,224,632
118,632,224,632
117,631,224,632
117,632,225,632
116,632,227,632
114,632,228,633
113,633,231,633
112,632,232,633
112,632,233,633
112,632,234,633
112,632,233,633
112,632,231,633
112,632,230,633
112,632,228,632
112,632,227,632
112,632,226,632
111,632,226,632
111,632,225,632
111,631,225,632
110,632,225,632
110,632,225,632
108,632,228,632
107,633,230,633
106,632,232,633
106,632,234,633
105,632,234,633
106,632,234,633
106,632,232,633
107,632,230,633
107,632,229,632
106,632,228,632
105,632,228,632
105,632,228,632
105,632,228,632
104,631,228,632
103,632,228,632
102,632,228,632
101,632,229,633
100,632,231,633
99,632,233,633
100,632,233,633
100,632,233,633
101,632,231,633
103,633,229,633
103,632,227,633
103,632,225,632
102,632,224,632
102,632,223,632
100,632,222,632
99,631,222,632
99,631,222,632
98,631,222,632
97,632,222,632
96,632,223,633
95,632,224,633
95,632,225,633
94,633,226,633
95,632,226,633
95,632,225,633
97,632,223,633
97,632,221,633
98,632,219,632
98,632,217,632
97,632,216,632
96,632,216,632
95,631,216,632
94,631,215,632
93,632,215,632
92,632,215,632
92,632,215,632
91,632,216,633
91,633,217,633
91,633,218,633
91,632,218,633
91,632,218,633
92,632,217,633
93,632,214,633
93,632,212,633
93,632,210,632
93,632,209,632
92,632,208,632
91,632,207,632
90,631,207,632
89,631,206,632
88,632,206,632
87,631,206,632
86,632,206,632
85,632,207,633
85,632,208,633
84,632,209,633
82,632,209,633
82,632,209,633
81,632,207,633
81,633,206,633
80,632,203,633
79,632,202,632
79,632,200,632
78,632,200,632
77,631,199,632
76,631,198,632
76,632,198,632
75,631,198,632
75,632,197,632
75,632,198,632
74,632,199,633
74,632,200,633
75,632,200,633
76,632,200,633
76,632,199,633
77,632,197,633
78,632,195,633
77,632,193,633
77,632,191,632
77,632,190,632
76,632,189,632
75,632,188,632
74,632,187,632
74,631,187,632
73,632,186,632
74,631,186,632
74,632,187,632
74,632,188,633
74,633,189,633
73,632,189,633
73,632,189,633
74,632,188,633
75,632,186,633
76,632,184,633
78,632,181,633
79,632,179,632
79,632,177,632
79,632,176,632
79,632,175,632
79,632,174,632
79,631,174,632
80,632,173,632
79,632,173,632
80,632,174,632
80,632,175,633
80,632,175,633
81,632,175,633
81,632,174,633
82,632,173,633
82,632,170,633
82,632,168,633
81,632,166,632
80,632,165,632
80,632,164,632
79,632,163,632
79,632,162,632
78,632,161,632
77,631,161,632
77,631,160,632
76,632,160,632
77,632,161,632
78,632,163,633
78,632,163,633
77,632,164,633
76,632,163,633
76,632,161,633
77,633,159,633
77,632,157,633
78,632,155,632
78,632,154,632
78,632,153,632
78,631,152,632
79,631,152,632
78,631,151,632
78,632,151,632
77,632,151,632
76,632,152,632
75,632,153,633
75,632,154,633
74,632,155,633
74,633,155,633
73,632,154,633
73,632,153,633
72,632,150,633
71,632,149,633
70,632,147,632
70,631,146,632
69,632,145,632
68,631,145,632
68,631,145,632
67,631,145,632
67,631,145,632
67,631,145,632
66,632,146,632
67,632,148,633
66,632,149,633
67,632,150,633
67,632,150,633
69,632,148,633
71,632,147,633
74,632,145,633
76,632,143,633
78,632,142,632
78,632,141,632
78,632,140,632
78,631,139,632
77,631,139,632
77,632,139,632
76,632,139,632
76,632,139,632
75,632,140,633
75,632,142,633
75,632,143,633
75,632,143,633
75,632,142,633
75,633,141,633
76,632,139,633
75,632,137,633
75,632,135,632
74,632,134,632
73,631,133,632
72,631,132,632
71,631,132,632
71,631,131,632
70,631,131,632
69,631,131,632
70,632,132,632
70,632,133,633
70,632,135,633
70,632,135,633
69,632,135,633
69,632,134,633
69,632,133,633
70,632,131,633
69,632,129,633
69,632,128,632
69,632,127,632
69,632,126,632
70,631,125,632
70,632,124,632
70,632,123,632
71,632,123,632
71,632,123,632
71,632,123,632
70,633,124,633
70,633,125,633
70,633,125,633
71,633,125,633
72,633,124,633
73,633,122,633
73,633,121,633
74,633,119,633
73,632,118,632
73,632,116,632
73,632,115,632
72,632,114,632
72,632,114,632
71,632,113,632
70,632,113,632
69,632,113,632
69,632,114,632
69,632,115,633
68,632,116,633
67,632,116,633
68,632,116,633
67,632,114,633
68,633,113,633
68,633,112,633
68,632,110,633
67,632,109,632
66,632,108,632
66,632,107,632
65,631,106,632
65,632,106,632
64,632,106,632
63,632,105,632
63,631,106,632
62,632,107,633
62,633,108,633
62,632,109,633
62,632,109,633
61,632,109,633
62,633,108,633
62,633,107,633
62,633,105,633
61,632,104,633
61,632,103,632
60,632,102,632
59,632,101,632
59,631,100,632
58,631,99,632
58,631,98,632
57,632,98,632
57,632,98,632
57,632,99,633
56,632,100,633
56,632,101,633
56,632,101,633
56,632,100,633
56,632,99,633
56,633,98,633
56,633,97,633
56,632,96,633
55,631,95,632
55,627,94,632
55,624,93,632
54,620,92,632
54,616,92,632
54,612,92,632
53,608,91,632
52,604,92,632
52,600,92,632
51,596,94,633
51,592,95,633
51,587,94,633
52,582,94,633
52,578,93,633
53,573,92,633
53,569,91,633
53,565,90,633
53,560,89,632
52,555,88,632
52,551,87,632
51,546,86,632
51,542,86,632
51,538,85,632
51,535,85,632
51,533,84,632
51,531,85,632
51,528,85,633
52,526,87,633
52,522,87,633
53,518,87,633
54,514,86,633
55,510,85,633
56,507,84,633
57,504,83,633
56,501,82,633
56,498,82,632
56,495,81,632
55,492,80,632
54,488,79,632
54,485,79,632
53,482,78,632
53,479,78,632
53,476,78,632
52,473,79,632
51,470,81,633
52,466,81,633
52,463,82,633
53,460,81,633
54,456,80,633
55,453,80,633
55,450,79,633
55,447,78,633
55,444,77,633
54,441,77,632
54,438,76,632
54,435,75,632
53,433,75,632
53,430,75,632
53,427,75,632
52,424,74,632
53,420,75,632
53,417,76,633
52,413,77,633
52,409,77,633
52,406,77,633
53,403,76,633
54,401,75,633
55,399,75,633
56,396,75,633
55,394,74,632
55,393,73,632
54,390,72,632
53,387,72,632
54,384,71,632
53,381,71,632
53,378,70,632
52,376,70,632
52,373,70,632
51,371,71,633
51,368,72,633
51,366,73,633
51,362,73,633
52,359,72,633
52,356,71,633
52,352,71,633
53,349,71,633
52,346,70,633
52,344,69,632
52,342,68,632
51,340,68,632
51,338,67,632
50,335,67,632
50,333,66,632
51,330,66,632
50,328,66,632
50,326,67,632
49,324,68,633
49,322,69,633
48,319,69,633
48,317,69,633
48,314,68,633
47,311,68,633
47,309,68,633
47,307,67,633
46,305,67,633
46,303,66,632
46,302,65,632
45,300,65,632
45,297,64,632
46,294,64,632
46,292,63,632
46,290,63,632
47,286,63,632
47,283,63,633
48,280,64,633
49,277,65,633
50,274,64,633
51,272,64,633
51,272,63,633
52,272,63,633
53,272,62,633
53,271,62,633
52,271,62,632
52,270,61,632
51,268,60,632
51,266,60,632
51,265,60,632
50,262,59,632
49,259,59,633
49,256,59,632
49,254,60,633
48,251,61,633
48,248,63,633
49,245,63,633
49,242,63,633
50,239,62,634
51,237,62,633
51,234,62,633
52,231,62,633
51,229,61,632
51,228,61,632
51,226,60,632
51,224,59,632
51,222,59,632
51,220,58,632
51,218,58,632
50,216,58,632
50,214,59,632
50,212,60,633
49,210,62,633
49,208,63,633
50,205,62,633
50,202,62,633
50,200,62,633
51,198,61,633
51,195,61,633
50,193,61,633
50,191,60,632
49,189,60,632
49,187,59,633
49,185,59,632
49,182,58,632
50,180,58,632
50,180,57,632
50,180,57,632
50,179,58,633
50,179,59,633
50,178,60,633
51,176,61,633
52,175,60,633
52,174,60,633
53,172,60,633
54,170,59,633
53,168,59,633
53,167,58,633
53,165,58,632
53,163,57,632
53,162,57,632
53,161,56,632
53,159,56,632
52,157,56,632
51,156,56,632
51,154,57,632
51,153,58,633
50,151,60,633
50,150,61,633
50,148,60,633
51,146,60,633
51,144,60,633
51,143,59,633
51,141,59,633
51,140,59,632
51,139,58,632
51,138,58,632
50,137,57,632
50,136,57,632
50,134,56,632
49,134,56,632
49,133,56,632
49,133,56,633
49,132,57,633
49,131,58,633
49,131,59,633
50,130,59,633
51,132,59,633
52,133,59,633
53,132,58,633
53,131,57,633
54,130,57,633
53,128,57,632
53,127,56,632
53,126,56,632
53,124,55,632
53,123,55,632
53,122,55,632
53,121,56,632
53,119,55,632
53,118,56,632
53,117,57,633
52,115,58,633
53,115,59,633
53,114,59,633
53,113,59,633
54,113,58,633
55,112,58,634
55,111,58,633
55,110,58,633
55,108,57,632
54,107,57,633
54,106,56,632
53,105,55,632
52,104,55,632
52,103,55,632
52,102,54,632
51,102,55,632
51,101,55,633
50,100,57,633
50,101,58,633
51,101,58,633
51,101,58,633
52,101,57,633
53,102,57,633
54,102,57,633
54,101,57,633
54,102,56,632
53,102,56,632
52,102,55,632
52,102,55,632
52,100,54,632
52,99,54,632
52,98,53,632
52,97,54,632
52,96,54,633
51,95,55,633
51,94,57,633
51,94,58,633
52,93,58,633
52,93,57,633
53,92,57,633
53,92,56,633
54,91,56,633
54,90,56,633
53,89,55,633
53,88,55,633
53,87,54,632
52,86,54,632
51,85,53,632
51,84,53,632
50,84,53,632
50,83,53,632
50,83,54,633
49,83,55,633
49,82,57,633
49,82,57,633
50,81,58,633
51,80,57,633
51,80,57,634
52,79,56,633
53,78,56,633
53,77,56,633
53,76,56,633
52,76,55,632
52,75,55,632
51,74,54,632
51,74,54,632
51,73,54,632
51,72,53,632
51,71,53,632
51,70,54,632
50,70,55,633
51,69,56,633
50,69,58,633
50,69,58,633
51,68,58,633
51,67,57,633
52,67,57,633
53,66,57,633
53,65,57,633
53,65,56,633
53,65,56,633
53,64,55,632
53,64,55,632
53,65,54,632
52,65,54,632
52,65,53,632
52,65,54,632
52,64,53,632
51,64,54,632
50,65,56,633
50,66,57,633
50,66,57,633
50,66,57,633
49,67,57,633
49,67,56,633
50,67,56,633
49,67,56,633
49,66,56,633
49,65,55,632
49,65,55,632
48,65,54,632
48,64,54,632
48,64,54,632
47,64,53,633
47,65,53,632
47,65,53,632
47,66,54,633
47,66,56,633
47,65,57,633
47,64,58,633
47,64,57,633
48,64,57,633
48,64,56,633
48,64,56,633
49,63,56,633
48,63,56,633
48,62,56,632
48,62,55,632
47,61,55,632
47,62,54,632
46,62,54,632
46,64,53,632
46,64,53,632
46,65,53,633
47,65,53,633
46,64,55,633
46,64,55,633
46,63,56,633
46,63,56,633
46,62,56,633
46,62,56,633
46,63,55,633
46,64,55,633
46,64,55,633
46,64,55,633
46,63,55,632
46,64,54,632
46,63,54,632
46,63,53,632
46,62,53,632
47,61,52,632
47,61,52,632
48,61,53,632
49,60,55,633
49,60,56,633
49,60,58,633
50,61,58,633
51,61,58,633
53,61,57,634
55,63,57,633
57,63,56,633
58,64,56,633
59,64,56,633
59,64,56,633
59,65,55,633
59,66,55,632
59,67,54,632
59,68,54,632
59,69,53,632
58,69,53,633
58,68,54,632
58,68,55,632
58,68,56,633
59,67,57,633
58,66,57,633
58,66,57,633
57,66,57,633
57,66,56,633
56,65,56,633
56,65,56,633
56,65,56,633
55,65,56,633
55,65,55,632
54,65,55,632
54,65,54,632
54,65,54,632
53,65,53,633
53,64,53,633
52,63,53,633
51,63,54,633
51,63,55,633
52,63,56,633
53,62,56,633
54,62,56,633
55,61,55,633
55,61,55,633
56,60,55,633
57,60,56,633
57,59,56,633
56,60,55,633
56,60,55,632
56,61,54,632
55,62,54,632
54,64,53,632
54,64,53,632
53,66,53,633
53,68,53,632
52,70,54,633
52,71,55,633
52,71,57,633
51,72,57,633
51,72,57,633
51,73,57,633
51,74,56,633
51,76,56,633
51,78,56,633
51,79,56,633
50,78,56,632
50,77,55,632
50,77,55,632
49,76,54,632
49,76,54,632
49,75,53,632
48,75,53,633
48,76,52,633
48,76,53,633
48,76,54,633
48,76,55,633
47,77,55,633
47,77,55,633
47,78,55,633
47,80,55,633
47,81,54,633
47,82,55,633
47,83,55,633
47,84,55,633
46,85,54,632
46,85,54,632
46,86,53,632
46,87,53,632
45,87,52,632
45,88,52,633
44,90,52,632
44,92,52,633
44,93,53,633
43,95,54,633
44,98,55,633
44,100,55,633
44,102,54,633
44,102,54,633
44,102,54,633
44,104,54,633
44,107,55,633
44,107,55,633
44,107,54,632
45,106,54,632
45,106,53,632
45,108,53,632
44,109,52,632
44,110,52,633
44,111,52,633
43,112,53,633
43,114,54,633
42,115,55,633
43,116,56,633
43,116,55,633
43,117,55,633
43,118,55,633
44,119,55,633
44,120,55,633
45,121,55,633
44,122,54,633
44,123,54,633
44,124,54,632
43,125,53,632
43,126,52,632
42,127,52,632
43,128,52,632
43,128,52,633
44,128,53,633
44,128,54,633
44,129,55,633
44,130,55,633
44,131,54,633
44,131,53,633
45,132,54,633
46,132,54,633
46,133,54,633
46,133,54,633
46,134,53,633
46,134,53,632
46,134,52,632
46,135,52,632
46,136,51,632
46,138,51,632
45,138,51,632
45,138,52,633
44,138,53,633
44,138,54,633
46,138,54,633
46,137,53,633
47,137,53,634
48,138,52,633
48,138,53,633
48,138,54,633
48,138,53,633
47,139,53,633
47,139,52,632
47,140,52,632
47,140,51,632
47,140,51,632
47,140,50,632
47,140,50,632
47,141,50,632
47,140,51,633
48,140,52,633
47,140,52,633
47,140,52,633
47,139,52,633
47,140,52,633
47,140,52,633
47,140,52,633
47,140,52,633
47,140,52,633
47,139,51,632
47,139,51,632
47,139,50,632
47,139,50,632
48,138,49,632
48,137,49,632
49,136,49,632
49,136,50,632
49,136,51,633
48,136,52,633
49,136,52,633
49,136,52,633
50,137,51,633
52,137,51,633
53,137,52,633
53,137,52,633
54,137,52,633
54,138,52,633
53,139,51,633
53,140,51,632
52,140,51,632
52,141,50,632
52,141,49,632
52,141,50,632
52,140,50,632
52,140,50,633
52,140,52,633
51,140,52,633
52,141,52,633
52,140,51,633
52,140,51,633
52,139,51,633
52,139,52,633
51,139,52,633
51,138,52,633
51,138,51,632
51,137,51,632
52,137,51,632
52,137,50,632
53,136,50,632
53,136,49,632
53,135,49,632
54,134,50,633
54,133,51,633
54,133,52,633
53,133,52,633
53,134,51,633
54,134,51,634
55,135,51,633
55,135,52,633
55,136,52,633
55,136,52,633
54,136,51,633
54,136,51,632
54,136,51,632
53,136,50,632
52,137,50,632
52,137,49,632
51,137,49,632
51,136,49,632
51,136,50,633
51,136,51,633
51,137,51,633
50,139,51,633
50,140,50,633
51,141,50,633
52,142,51,633
52,143,52,633
53,142,52,632
52,141,52,633
52,139,52,632
51,138,51,632
51,137,51,632
50,136,51,632
50,136,50,632
50,136,50,632
49,136,50,632
49,136,51,633
49,136,52,633
49,137,53,633
48,137,53,633
48,138,52,633
48,139,52,633
48,139,52,633
48,138,53,633
47,139,53,633
47,140,52,632
47,140,52,632
47,140,51,632
48,139,51,632
48,139,51,632
48,139,50,632
47,139,50,632
48,139,49,632
48,138,50,633
48,137,51,633
48,137,52,633
47,137,52,633
47,137,52,633
46,136,51,633
46,136,51,633
46,136,52,633
46,136,52,633
46,135,52,632
48,134,52,632
49,134,51,632
49,134,51,632
50,134,50,632
50,134,50,632
50,133,49,633
49,133,49,633
49,134,49,633
50,134,50,633
50,133,51,633
50,133,52,633
51,134,51,633
53,135,50,633
54,135,50,633
56,136,51,633
56,135,51,633
56,135,52,633
55,135,52,633
55,136,51,632
54,136,51,632
54,136,51,632
54,138,50,632
54,139,50,632
53,140,49,632
52,140,49,632
53,139,49,632
53,137,50,633
53,136,51,633
52,134,51,633
52,133,51,633
52,132,51,633
52,131,50,633
53,131,51,633
53,131,52,633
53,130,52,633
52,129,51,633
52,128,51,632
52,128,51,632
52,127,50,632
52,127,50,632
52,126,49,632
52,126,49,632
51,125,49,633
51,125,49,633
51,125,50,633
50,124,50,633
51,125,50,633
51,125,49,633
53,125,49,633
54,126,50,633
54,125,50,633
54,124,51,633
53,123,50,633
53,122,50,633
53,122,49,632
54,120,49,632
54,119,48,632
55,119,48,632
55,118,48,632
55,118,48,632
55,117,48,633
55,116,49,633
55,117,50,633
55,118,50,633
55,119,50,633
57,120,49,633
58,121,50,633
59,122,50,633
60,122,51,633
60,120,51,633
60,119,51,633
59,117,50,633
59,117,50,632
58,117,50,632
58,117,49,632
57,117,49,632
57,118,48,632
56,118,48,632
56,118,49,633
56,118,50,633
56,119,51,633
55,119,50,633
55,119,50,633
54,120,50,633
54,120,50,633
54,120,51,633
53,119,51,633
53,119,51,633
53,119,50,633
52,119,50,632
52,120,49,632
52,121,49,632
51,123,49,632
51,124,48,632
51,126,48,633
51,126,48,633
50,126,49,633
50,128,50,633
51,130,50,633
52,129,50,633
52,128,49,633
53,127,49,633
53,126,50,633
53,124,50,633
53,123,50,633
53,122,50,633
52,121,49,632
52,120,49,632
52,119,49,632
51,119,48,632
51,119,48,632
51,118,47,632
50,118,47,633
50,118,48,633
49,118,49,633
49,118,50,633
49,118,49,633
49,118,49,633
49,118,49,633
49,118,49,633
49,118,50,633
49,118,50,633
49,117,50,633
50,117,50,632
51,116,49,632
51,116,49,632
51,116,49,632
50,116,48,632
50,116,48,632
50,116,47,633
50,116,48,633
50,116,49,633
50,118,50,633
50,118,50,633
50,120,50,633
51,121,50,633
51,122,49,633
52,122,50,633
51,120,51,633
51,119,51,633
51,119,51,633
50,119,50,632
49,119,50,632
49,119,49,632
49,119,49,632
48,118,48,632
48,119,48,632
48,118,48,632
48,117,49,633
48,117,50,633
47,117,51,633
48,117,50,633
47,115,50,633
47,114,50,633
47,114,50,633
47,115,51,633
47,116,51,633
47,116,51,632
47,116,50,632
48,116,50,632
48,117,50,632
48,116,49,632
48,116,49,632
48,116,48,632
47,115,48,632
47,115,49,633
46,115,50,633
46,115,50,633
46,115,50,633
46,114,50,633
46,115,50,633
47,115,50,633
48,115,51,633
49,116,51,633
48,116,51,633
48,116,51,633
48,116,50,632
48,116,50,632
48,117,50,632
48,117,49,633
48,117,49,632
48,117,48,632
47,117,49,632
47,117,49,633
47,117,51,633
47,116,51,633
47,117,51,633
47,118,50,633
48,119,50,633
48,121,51,633
49,122,52,633
49,123,52,633
48,122,52,633
48,122,52,633
48,122,51,633
47,122,51,632
47,122,50,632
47,120,50,632
47,120,49,632
47,119,49,632
48,118,49,633
48,116,50,633
48,115,51,633
48,114,51,633
48,114,51,633
48,114,50,633
49,115,50,633
49,115,51,633
49,114,51,633
49,114,51,633
48,114,51,633
48,114,51,633
47,114,50,632
47,114,50,632
46,114,49,632
46,113,49,632
46,113,48,632
46,113,48,632
46,112,49,633
46,111,50,633
45,111,50,633
46,111,50,633
46,111,49,633
46,110,49,633
46,110,50,633
47,110,51,633
47,110,51,633
46,109,51,633
46,109,51,632
46,109,50,633
45,109,50,632
45,110,49,632
45,110,49,632
45,109,48,632
44,108,48,632
44,107,48,633
44,106,49,633
43,105,50,633
44,104,50,633
44,105,49,633
44,106,49,633
45,108,49,633
45,108,50,633
45,108,51,633
44,107,51,633
44,106,51,633
44,105,50,632
44,104,50,632
44,104,50,632
44,103,49,632
44,102,49,632
43,102,48,632
42,102,48,633
42,101,49,633
42,101,50,633
42,101,50,633
43,100,50,633
42,100,50,633
43,100,49,633
43,100,50,633
43,100,51,633
43,99,51,633
43,99,51,633
43,98,51,632
43,98,50,633
42,98,50,632
42,97,49,632
42,97,49,632
42,96,48,632
43,96,48,632
43,96,48,633
44,95,49,633
44,95,50,633
44,94,50,633
44,93,50,633
44,93,49,633
44,93,49,633
43,93,50,633
43,93,50,633
43,93,51,633
43,92,51,632
42,91,51,633
42,91,50,633
43,90,50,632
43,90,49,632
44,90,49,632
45,90,48,632
46,89,48,632
46,88,49,633
46,88,50,633
46,88,51,633
46,88,52,633
47,89,51,633
47,90,51,633
48,90,51,633
48,91,51,633
48,90,52,633
49,90,53,633
48,90,53,633
48,89,53,633
47,89,52,633
47,88,52,632
47,88,52,632
47,88,51,632
47,88,51,632
46,88,50,632
46,87,50,632
46,87,50,633
46,86,51,633
46,86,51,633
46,87,51,633
46,86,51,633
45,86,50,633
46,86,51,633
47,87,52,633
47,87,52,633
47,86,53,633
47,86,52,633
46,86,52,633
46,87,51,633
45,87,51,632
46,86,50,632
45,86,50,632
45,87,50,633
44,88,49,633
44,88,50,633
44,88,50,633
44,89,51,633
43,89,51,633
43,88,51,633
43,88,50,634
44,87,50,633
44,86,52,633
44,85,52,633
44,85,52,633
44,85,52,632
43,84,51,632
44,82,51,633
43,82,50,632
44,81,50,632
43,81,50,632
43,81,49,633
43,81,49,632
43,80,50,632
43,79,50,633
43,79,52,633
43,80,51,633
43,80,51,633
43,79,51,633
43,79,50,633
43,79,51,633
44,79,52,633
43,79,52,633
43,78,52,633
44,78,52,632
44,78,51,632
43,78,51,632
44,78,50,632
44,77,50,632
44,77,50,632
44,77,49,632
44,78,49,633
44,78,50,633
44,79,51,633
44,80,51,633
44,81,51,633
45,83,51,633
46,84,51,633
47,85,51,633
48,85,52,633
49,84,53,633
49,83,53,633
49,82,53,633
49,81,52,632
48,80,51,632
49,80,51,632
48,80,51,632
48,79,50,632
48,79,50,632
48,78,50,632
48,77,50,633
48,77,52,633
48,78,52,633
48,78,52,633
48,77,52,633
47,76,51,633
48,77,51,633
49,76,52,633
49,77,52,633
49,76,52,633
49,75,52,633
48,76,52,632
48,76,51,632
48,77,51,632
47,76,50,632
47,76,50,632
47,76,50,632
47,76,50,632
47,76,50,633
47,76,51,633
47,75,52,633
46,76,52,633
46,76,51,633
46,76,51,633
46,77,51,634
46,76,52,633
46,76,52,633
46,76,53,633
45,76,53,633
45,75,52,633
44,75,52,633
44,75,51,632
44,76,51,632
43,75,51,632
42,75,50,632
43,75,50,632
43,75,51,633
43,75,51,633
43,75,52,633
43,75,52,633
42,75,51,633
42,75,51,634
42,74,51,633
42,74,52,633
42,74,52,633
42,74,53,633
42,74,52,633
42,75,52,633
41,76,52,633
41,77,51,632
41,77,51,632
40,77,50,632
40,77,50,632
40,77,49,632
41,76,50,633
41,76,51,633
41,76,52,633
40,76,51,633
41,76,51,633
41,76,51,633
42,76,51,633
43,75,51,633
43,74,52,633
43,74,52,633
43,74,52,633
43,73,52,633
42,74,51,633
42,74,51,632
42,75,51,632
41,76,50,632
41,77,49,632
41,78,49,632
40,79,49,633
40,79,50,633
40,80,51,633
40,82,51,633
40,83,50,633
40,83,50,633
41,83,50,633
42,82,50,633
42,81,51,633
42,80,52,633
42,79,52,633
41,79,51,632
41,79,51,633
41,80,50,633
40,81,50,632
40,81,50,632
40,81,49,632
40,80,49,632
39,79,49,633
39,78,50,633
38,78,51,633
39,78,52,633
39,77,51,633
40,76,50,633
40,76,51,633
40,75,51,633
41,74,52,633
40,74,52,633
40,73,52,633
39,72,52,633
39,71,51,633
39,71,51,632
39,70,51,632
39,70,50,632
39,69,50,632
39,69,49,632
40,69,49,632
40,68,50,633
41,68,51,633
41,68,51,633
40,68,51,633
40,68,51,633
40,67,50,633
40,67,50,633
39,66,51,633
40,66,52,633
39,65,52,633
39,65,51,632
39,64,51,632
38,63,51,632
38,63,50,632
38,62,50,632
38,62,49,632
37,62,49,632
37,61,49,632
37,61,49,633
37,60,50,633
37,60,50,633
37,59,51,633
37,58,50,633
37,58,49,633
38,59,50,633
38,59,50,633
38,59,51,633
38,59,51,632
39,59,51,632
39,59,50,632
40,58,50,632
40,58,49,632
40,58,49,632
40,59,49,632
39,60,48,633
40,61,48,633
39,62,48,633
39,62,49,633
39,61,50,633
39,61,50,633
40,60,49,633
40,60,49,633
41,59,49,633
41,59,49,633
41,58,50,633
41,58,51,633
41,58,51,632
41,57,50,632
42,56,50,632
42,56,49,632
42,56,49,632
42,55,48,632
42,54,48,632
42,54,48,632
42,53,48,632
42,53,49,633
42,53,50,633
42,53,50,633
43,53,49,633
43,53,49,633
44,54,49,633
45,54,49,633
45,55,50,633
45,56,51,633
45,57,50,633
45,56,50,633
44,56,50,632
44,55,49,632
44,54,49,632
43,54,49,632
43,54,48,632
43,55,48,632
43,55,48,632
43,56,49,632
43,55,50,633
43,55,50,633
43,55,50,633
42,54,49,633
42,54,49,633
42,53,50,633
41,53,50,633
41,52,51,632
42,52,51,632
42,51,51,632
43,51,51,632
44,51,50,633
44,50,49,632
44,50,49,633
43,49,48,633
43,49,48,632
43,48,48,633
43,48,49,633
43,48,50,633
44,48,51,633
44,48,50,633
45,47,50,633
45,47,50,633
46,48,50,633
47,48,51,633
46,48,51,633
47,47,51,632
46,47,51,632
46,46,51,632
46,46,51,632
47,46,50,632
47,45,49,632
48,45,49,632
49,45,49,632
49,44,49,632
50,44,50,632
50,44,51,633
50,43,51,633
50,43,51,633
50,43,51,633
50,43,51,633
51,44,51,633
52,44,52,634
52,45,52,633
52,44,53,633
51,44,52,633
51,44,52,632
52,44,52,632
52,43,51,632
53,43,51,632
53,43,50,632
54,42,50,632
55,42,50,632
56,42,50,632
57,41,51,633
57,41,51,633
57,40,51,633
56,40,51,633
57,40,50,633
58,41,51,633
59,41,51,633
61,41,52,633
61,42,52,633
61,43,52,633
61,44,52,633
62,46,52,632
62,48,51,632
62,50,51,632
62,51,50,632
62,52,50,632
62,52,50,632
62,53,50,632
61,54,51,633
61,56,51,633
60,56,52,633
60,57,51,633
59,57,51,633
59,56,50,633
58,55,51,633
58,55,52,633
57,55,53,633
57,56,53,633
57,55,52,632
56,55,52,633
56,54,51,632
55,55,51,632
55,55,51,632
54,55,50,632
54,55,50,632
53,54,50,632
53,54,51,633
52,54,52,633
52,53,52,633
52,53,52,633
52,53,51,633
52,52,51,633
52,52,52,633
52,51,53,633
51,50,53,633
51,51,53,632
51,50,53,632
51,49,52,632
50,49,52,632
50,49,52,632
50,49,51,632
49,49,51,632
49,49,50,632
49,48,50,632
49,48,51,633
49,48,52,633
48,47,52,633
48,47,52,633
48,47,52,632
47,47,51,631
47,46,52,629
47,46,52,628
47,46,53,627
47,45,53,626
47,45,53,625
47,45,52,625
47,44,52,625
47,44,51,625
46,43,51,624
46,43,50,624
45,43,50,624
45,42,50,624
45,42,50,624
45,42,51,624
45,42,52,623
44,43,52,621
45,43,51,619
45,44,51,617
46,44,51,615
47,44,51,613
47,44,52,612
47,43,52,611
46,43,52,611
46,42,52,611
45,43,51,611
45,42,51,611
45,42,50,610
44,41,50,610
44,41,49,610
44,41,49,610
44,41,49,610
43,41,50,611
43,41,51,610
43,42,51,608
43,42,51,607
44,43,50,605
44,43,50,602
45,43,51,600
45,43,51,599
44,43,51,598
44,42,51,597
45,42,51,597
45,42,50,597
46,41,50,597
46,41,50,596
47,42,49,597
47,42,49,596
47,42,48,597
47,42,49,597
47,42,50,598
46,42,50,597
47,42,50,596
48,43,50,594
49,44,49,592
50,46,49,589
51,47,50,586
52,48,51,585
52,49,51,583
52,50,52,582
51,50,51,582
51,50,51,582
51,51,51,582
50,53,50,582
50,54,50,582
49,54,49,583
49,55,49,582
48,56,49,582
48,56,50,583
48,56,51,583
47,57,52,583
47,57,51,581
47,57,51,579
47,57,50,578
47,56,51,575
47,56,51,574
47,56,52,574
46,55,52,573
46,55,51,574
46,55,51,574
46,54,51,574
47,53,49,574
46,53,50,573
46,52,49,574
46,52,49,574
46,51,49,575
46,51,49,576
46,51,50,576
45,51,51,575
45,51,51,574
45,51,51,573
46,51,50,570
47,52,50,568
47,52,51,566
47,51,51,565
47,51,52,564
47,50,51,563
46,50,51,563
46,50,50,562
46,50,50,561
46,49,50,561
47,49,49,560
46,48,49,560
46,48,48,561
46,47,49,561
46,47,50,562
46,47,50,561
46,46,50,560
46,46,50,558
46,46,49,556
47,46,50,555
47,47,50,553
47,47,51,552
47,47,51,551
47,46,51,551
46,46,51,551
46,46,50,551
46,45,50,551
45,45,50,551
45,44,49,550
45,43,49,550
45,43,48,550
45,43,49,551
45,43,49,551
45,42,50,550
45,42,50,549
45,42,50,547
45,42,49,545
45,42,49,543
45,42,50,541
46,42,51,540
45,42,51,539
45,41,51,539
45,42,50,539
45,41,50,540
45,41,50,540
46,41,49,540
46,41,49,540
46,41,48,540
46,42,48,540
46,42,48,540
46,42,49,542
46,43,50,541
46,43,50,540
45,42,50,538
46,43,50,536
46,43,49,534
47,42,50,532
48,42,51,530
48,42,51,529
48,41,51,529
48,41,51,529
48,40,50,529
48,40,50,530
48,41,50,530
48,41,49,530
48,40,49,529
48,40,48,529
48,40,48,530
47,40,49,530
47,40,50,530
47,40,50,529
48,40,50,527
49,40,50,526
50,40,49,524
51,40,49,522
52,40,50,520
52,41,51,519
52,42,51,519
51,44,50,518
51,47,50,518
50,49,49,519
50,51,49,519
50,53,49,519
50,54,48,519
49,56,48,519
49,58,48,519
49,61,48,520
49,63,49,521
49,65,50,521
49,67,50,520
49,68,49,518
49,70,49,517
49,71,49,514
50,72,50,512
49,73,50,511
49,74,51,511
49,76,50,510
48,78,50,511
48,79,49,511
48,81,49,511
47,82,49,512
48,84,48,512
48,86,48,513
48,87,47,513
48,89,48,514
49,90,49,515
49,92,49,515
49,94,50,514
49,95,49,513
49,96,49,511
50,97,49,509
50,98,49,507
50,100,50,505
50,101,51,504
50,102,51,503
50,103,50,503
50,105,50,502
50,107,49,502
50,108,49,501
50,109,48,500
49,110,48,501
49,112,48,502
49,114,49,504
50,116,50,504
49,117,51,503
49,117,51,502
49,119,50,500
49,120,50,499
49,120,50,497
49,121,51,496
49,122,51,496
49,123,51,495
48,124,51,495
48,126,50,494
48,127,50,495
48,128,50,494
49,129,49,495
49,130,49,495
50,132,48,495
50,133,48,496
51,135,49,497
51,136,50,497
51,136,50,496
51,136,50,495
51,135,49,493
52,134,50,491
52,134,50,489
53,134,51,487
53,134,51,486
53,135,51,485
53,137,51,485
52,139,51,484
53,140,50,485
52,142,50,485
52,142,48,485
51,143,49,484
51,143,48,484
50,143,49,485
50,144,51,485
50,145,51,484
50,146,51,483
50,147,51,482
50,148,50,480
50,149,51,478
49,149,52,476
49,150,52,475
49,151,52,475
50,151,52,474
50,151,51,474
49,150,51,475
49,149,50,474
48,148,50,474
48,147,49,474
49,146,49,474
49,145,49,475
49,145,50,475
48,146,51,475
48,148,51,474
48,150,50,473
48,150,50,471
48,150,50,469
48,150,51,468
48,151,51,467
48,151,52,465
47,151,51,464
47,151,51,464
47,150,51,462
47,148,50,462
46,146,50,461
46,146,49,461
47,147,49,461
46,148,49,462
46,150,50,463
46,152,51,463
46,152,51,462
46,153,51,460
46,152,51,458
47,151,50,456
47,151,51,454
48,151,52,453
47,152,52,452
47,153,52,452
48,154,52,453
47,154,51,453
47,155,51,453
47,155,50,453
46,157,50,453
46,156,49,453
46,156,48,454
45,155,49,454
45,154,50,454
45,153,51,454
45,152,51,452
45,152,51,451
44,151,50,449
45,150,50,447
45,150,51,446
44,151,52,445
44,150,52,444
44,150,52,443
43,150,51,443
43,150,51,443
43,149,51,443
42,149,50,442
42,148,49,443
41,148,49,442
41,148,49,442
41,147,49,443
41,148,51,444
41,148,51,443
41,148,51,442
41,148,50,440
41,147,50,438
42,147,50,436
43,146,51,434
43,146,51,433
43,146,52,433
42,146,51,433
42,145,51,432
42,144,50,432
42,144,50,432
42,144,49,433
42,144,49,433
42,144,49,433
42,144,49,434
42,144,50,434
41,144,50,434
42,144,51,432
42,144,50,431
42,144,50,429
43,144,49,427
43,144,51,426
43,145,51,425
42,145,52,425
42,146,52,426
42,146,51,426
42,146,51,426
41,146,50,427
41,145,50,426
41,145,49,426
40,144,49,425
40,143,49,425
40,142,49,425
39,141,50,425
39,140,51,425
40,139,50,423
40,138,50,421
40,137,50,419
41,137,50,417
42,136,52,416
42,137,53,414
42,137,53,414
42,137,52,415
41,137,52,415
41,137,51,415
41,138,51,415
41,139,50,416
41,138,50,417
42,139,50,417
43,140,50,418
44,142,51,418
44,143,52,418
44,142,51,416
44,142,51,414
44,142,51,412
45,142,51,409
46,141,51,407
46,142,52,406
47,141,53,405
47,141,52,405
46,142,52,406
46,142,51,406
46,142,51,407
47,141,51,407
47,140,50,407
47,140,50,408
48,140,50,408
49,140,50,409
49,140,51,410
50,139,51,410
49,138,51,408
48,137,51,406
49,136,50,404
49,135,51,401
49,135,51,400
50,135,52,399
50,135,52,399
49,136,51,399
49,136,51,399
49,136,50,399
49,135,50,399
49,135,50,398
48,134,50,398
48,134,49,398
48,135,49,398
47,135,50,399
47,135,51,398
47,135,51,397
47,135,50,396
47,134,50,394
48,134,50,392
49,134,51,390
49,134,52,389
50,133,52,388
49,134,52,388
49,133,51,388
49,133,51,388
49,133,51,388
49,133,50,388
49,133,50,388
50,133,49,388
51,134,49,389
52,134,50,390
52,135,51,391
53,135,51,390
52,134,51,389
52,134,51,387
52,134,50,385
53,133,51,383
54,132,52,382
54,132,53,380
55,132,53,379
55,132,52,379
55,131,52,379
55,131,51,380
54,130,51,380
54,130,50,380
54,129,50,380
53,129,49,380
53,129,50,381
52,129,51,381
51,128,51,380
52,127,51,379
52,127,51,377
52,126,51,376
52,125,51,375
52,125,52,373
53,123,52,372
52,122,52,372
52,121,52,372
51,120,51,373
52,120,51,373
51,120,51,373
51,121,50,372
50,123,50,372
50,124,49,372
50,125,49,373
51,126,50,374
51,125,51,375
50,125,51,373
50,125,51,372
50,124,50,370
49,123,50,369
49,123,51,367
49,122,51,366
48,122,52,366
48,122,52,366
48,121,51,366
47,122,51,367
48,124,50,368
48,125,50,368
48,124,49,368
47,124,49,368
47,123,48,368
47,122,49,369
48,121,50,370
47,122,50,369
47,122,50,367
47,123,50,366
48,122,49,363
49,122,50,362
49,123,50,361
50,124,51,360
49,125,51,359
49,125,51,360
49,125,51,360
48,125,50,360
49,126,50,361
48,126,49,362
48,125,49,362
47,125,48,362
47,125,48,362
48,125,49,364
48,126,50,364
47,126,50,363
47,125,50,362
47,124,49,360
47,123,49,358
47,123,50,356
47,123,51,356
47,124,51,355
46,123,51,355
46,124,51,356
47,125,50,356
47,126,50,357
47,126,49,358
47,127,49,358
46,126,49,358
46,126,48,358
46,126,48,357
46,126,49,358
46,126,50,358
45,126,49,356
46,125,49,354
46,124,49,352
47,124,49,351
47,124,49,350
46,125,49,351
46,125,50,351
46,125,49,351
45,124,49,351
45,123,48,351
45,123,48,351
45,124,48,351
45,124,47,351
45,124,47,351
45,125,47,352
46,126,48,352
47,126,49,352
48,127,50,352
48,128,49,352
48,128,48,350
47,127,48,348
47,127,49,347
47,128,50,347
47,128,50,348
46,128,50,348
46,128,50,348
46,128,50,348
46,127,49,348
46,127,49,348
45,127,48,348
45,127,48,348
45,126,47,348
45,125,48,348
44,124,49,348
44,124,49,347
43,124,49,347
43,125,49,345
44,124,49,343
44,123,49,341
44,122,50,339
44,123,50,339
44,125,50,339
45,126,50,339
45,125,50,339
46,125,49,339
45,125,49,340
45,125,48,340
45,125,48,341
45,125,48,341
44,124,48,341
44,124,49,343
44,124,49,344
44,124,50,343
43,124,49,342
43,124,49,341
44,123,49,338
44,123,49,336
44,124,50,335
45,123,51,334
45,123,51,334
44,123,50,334
44,122,49,334
44,121,49,335
43,120,49,334
43,119,48,334
43,119,48,335
43,118,48,335
43,118,48,336
44,119,48,336
44,120,49,335
44,120,49,333
44,120,49,333
44,119,48,331
44,119,48,329
44,119,49,327
43,120,50,326
43,121,50,327
44,123,49,327
43,124,49,328
43,124,49,327
43,124,48,328
42,125,48,328
43,125,47,329
43,125,47,330
42,125,47,330
41,124,48,331
42,124,49,331
41,123,49,330
41,121,49,329
42,120,49,327
42,119,48,325
43,119,49,324
43,118,50,323
43,118,50,323
43,118,50,322
43,117,50,322
42,118,50,323
42,118,49,323
42,117,49,323
41,117,48,323
41,116,48,324
42,116,48,325
42,118,48,327
42,117,49,328
42,117,50,328
42,115,49,326
43,115,49,324
43,114,49,323
43,113,49,321
44,112,50,319
44,112,50,318
44,112,51,318
44,112,50,318
44,113,50,318
43,112,49,318
43,113,49,318
44,113,48,319
44,113,48,319
44,112,48,320
45,112,48,320
45,112,49,322
46,112,50,322
46,111,50,322
45,111,50,321
45,110,49,319
46,108,49,317
45,108,50,315
45,107,51,314
45,106,51,313
45,105,51,313
44,105,50,314
44,104,50,314
44,104,49,315
43,102,49,315
43,101,48,316
43,100,48,316
43,100,48,317
42,100,48,318
42,100,49,318
42,101,50,317
42,100,50,316
42,100,50,315
42,99,49,313
43,98,49,311
43,97,50,309
44,96,51,308
44,96,51,308
43,96,51,308
43,96,50,308
43,96,50,308
43,95,49,309
43,96,49,310
44,96,48,310
44,96,48,310
43,96,48,309
44,96,48,310
44,96,49,310
44,96,50,309
44,95,49,308
43,94,49,307
43,94,48,306
43,93,48,305
43,92,49,304
43,91,49,303
42,90,50,303
42,90,50,303
42,89,49,303
42,88,49,304
42,88,48,305
42,87,48,305
43,87,48,305
43,86,47,306
43,86,47,307
44,85,47,308
44,85,48,308
44,84,49,308
44,83,49,307
44,82,49,306
44,81,49,305
44,80,48,304
44,80,49,302
44,79,50,301
43,79,50,300
43,78,50,300
43,78,50,301
43,77,49,301
43,76,49,301
43,76,48,302
43,75,48,302
43,75,48,303
42,74,47,303
42,73,47,304
42,73,48,304
42,72,49,304
42,72,49,303
43,72,49,301
43,71,48,299
44,71,48,297
45,70,49,295
45,69,49,294
45,69,50,294
44,68,50,294
44,67,49,294
44,67,49,294
45,66,49,294
45,65,48,295
46,65,48,295
46,64,47,295
46,63,47,295
46,63,47,296
47,62,47,298
46,62,48,299
46,62,48,298
46,61,48,297
46,60,48,297
47,60,47,295
48,60,48,293
49,60,48,292
50,59,49,291
50,59,49,291
49,58,49,291
48,57,49,291
49,57,49,291
48,57,48,291
48,56,48,292
48,55,47,292
48,55,47,292
49,54,47,293
49,54,47,294
50,53,48,295
49,52,49,294
49,52,49,293
49,52,48,292
50,52,48,290
50,53,48,289
51,53,49,287
51,53,50,286
51,53,51,285
50,53,51,285
50,52,51,285
51,52,50,285
51,51,50,285
51,51,49,286
51,51,49,287
51,51,48,288
51,51,48,288
51,51,49,289
51,51,49,291
50,52,50,291
50,53,51,290
51,53,50,289
51,53,50,288
52,53,50,286
53,53,50,285
53,53,51,284
53,53,52,284
52,53,52,285
52,54,52,285
51,54,51,286
51,54,51,286
51,55,50,286
51,54,50,286
50,55,49,286
49,55,49,286
49,54,49,288
49,54,50,288
49,53,51,288
49,54,51,287
49,54,51,286
48,55,50,284
48,56,50,282
49,57,51,281
48,57,52,279
48,58,52,278
48,58,52,279
48,59,52,278
48,61,52,279
47,63,51,279
47,65,51,280
47,67,50,280
46,68,50,281
46,69,49,281
46,68,50,282
46,68,50,283
47,69,51,284
46,68,51,283
46,68,51,282
46,69,51,281
46,70,50,280
46,71,51,278
46,72,51,276
46,73,52,276
46,73,52,275
46,74,52,276
46,74,52,276
46,74,51,277
47,75,51,278
47,75,50,279
47,76,50,279
47,77,49,280
48,77,49,280
48,78,50,281
49,78,51,281
49,78,51,282
48,79,51,281
48,80,50,280
47,81,50,278
48,82,50,277
48,83,51,275
48,85,52,275
48,86,52,274
47,87,52,275
47,88,51,275
46,88,51,275
46,90,51,275
46,91,50,276
46,92,50,276
45,93,49,276
45,94,49,276
45,96,49,276
45,96,50,277
45,98,51,276
44,99,50,275
44,100,50,274
44,102,49,273
44,104,49,272
44,106,50,271
43,107,50,271
43,108,51,271
43,108,51,271
43,108,50,272
42,109,50,272
42,110,49,273
41,111,49,274
41,112,49,274
41,114,48,275
41,115,48,275
40,115,49,276
40,117,49,277
40,117,50,277
40,118,49,276
40,119,49,275
40,120,49,274
40,121,49,272
41,122,50,271
40,122,50,270
40,123,51,271
41,123,50,271
41,124,50,272
42,125,49,272
42,126,48,272
43,126,48,273
43,127,48,273
43,128,48,273
43,128,48,274
44,128,49,274
43,129,49,274
43,130,49,273
43,131,49,272
43,132,49,270
43,134,49,269
43,135,50,268
43,136,51,268
43,136,51,268
43,137,51,269
42,137,50,269
43,138,50,269
42,139,50,269
42,139,49,269
42,140,49,269
42,141,48,269
41,142,48,269
41,143,49,270
41,144,49,270
41,144,50,270
41,145,49,268
41,146,49,266
41,147,49,264
40,148,49,263
40,149,50,262
41,149,51,261
41,149,51,261
41,150,50,261
41,151,50,261
41,152,50,262
41,152,49,262
40,153,48,263
40,154,48,263
40,155,48,263
40,156,48,264
39,157,49,265
39,158,49,264
39,159,49,264
39,160,49,262
39,160,48,261
38,160,49,259
38,160,50,258
38,160,50,258
38,160,51,259
38,160,50,259
37,161,50,260
37,162,50,260
37,164,49,260
36,165,49,260
36,166,48,261
36,168,48,261
36,168,48,261
35,169,48,262
35,170,49,262
35,171,49,261
36,173,49,259
36,174,48,258
36,175,48,256
36,176,49,255
36,176,50,255
36,176,50,255
37,174,50,256
38,173,49,257
38,172,49,258
39,173,49,258
40,174,48,259
41,175,48,259
41,176,47,259
41,178,47,259
41,180,47,260
41,181,48,260
41,183,49,260
42,185,49,258
42,186,49,257
43,189,48,255
44,190,48,254
45,192,49,253
45,191,49,253
45,190,50,253
44,189,50,253
44,189,49,254
44,189,49,255
43,189,48,256
42,189,48,256
43,190,48,256
43,190,48,256
43,191,47,257
43,192,48,257
43,192,49,257
42,194,49,256
43,195,49,256
42,195,48,255
43,196,48,253
43,197,49,251
43,198,50,250
43,198,51,250
43,198,51,250
43,198,50,250
44,198,50,251
45,198,50,252
45,198,49,253
45,198,49,254
46,198,48,254
46,199,48,254
47,200,48,255
48,200,49,255
47,201,50,254
47,202,50,253
47,203,49,251
48,204,49,250
49,205,49,247
49,206,50,246
49,207,51,245
49,207,51,245
49,208,51,245
49,207,50,246
49,207,50,247
50,206,50,248
50,205,49,249
50,205,49,249
50,205,48,250
49,205,48,251
49,205,49,252
49,206,50,251
49,206,50,250
49,207,50,249
49,208,49,247
49,209,49,245
49,209,50,244
49,209,50,243
49,210,51,242
48,209,51,242
48,209,51,242
47,210,50,242
47,210,50,243
46,211,49,243
46,212,49,244
46,212,49,244
46,213,48,244
45,213,48,245
45,213,49,245
45,212,49,245
44,212,49,243
44,212,49,241
44,213,48,239
45,214,48,238
44,214,49,236
44,214,50,236
43,213,50,236
43,213,49,236
43,212,49,236
43,211,48,237
43,210,48,237
43,209,48,238
42,208,47,239
42,208,47,239
42,208,46,240
42,209,48,241
42,209,48,242
42,211,49,241
42,214,48,240
42,216,48,239
42,218,48,237
43,219,48,235
42,219,50,234
42,218,50,234
43,216,50,234
43,214,50,234
42,214,49,234
43,213,49,235
43,213,48,236
43,213,48,236
43,212,47,237
42,212,47,238
43,211,47,239
43,210,49,240
42,211,49,240
42,211,49,239
42,211,48,238
42,211,48,236
44,211,48,234
44,211,50,233
44,211,50,233
44,211,50,232
43,210,50,233
43,210,50,233
43,210,49,233
43,209,48,234
43,209,48,234
42,209,48,236
42,209,47,236
43,208,48,237
43,207,48,238
43,207,49,239
43,207,49,239
43,207,49,238
43,206,48,238
43,207,48,237
43,207,49,235
43,207,50,234
43,206,50,233
43,206,50,233
43,205,50,233
44,205,49,233
44,204,49,234
44,204,49,234
44,204,48,234
44,204,48,234
44,203,47,235
45,202,48,236
45,202,49,237
45,202,50,236
45,201,49,235
45,200,49,235
45,200,48,234
44,199,48,233
44,199,50,232
44,198,50,232
44,198,50,231
43,198,50,231
43,198,50,232
43,198,49,232
43,198,49,233
43,198,48,233
42,198,48,233
42,198,48,233
43,198,47,234
43,197,49,235
44,196,49,235
44,196,49,235
43,195,49,235
43,195,48,233
43,195,48,231
43,194,49,230
43,193,50,229
43,192,51,229
43,192,50,230
43,192,50,230
42,193,50,229
42,193,50,230
42,194,49,230
42,194,48,232
42,195,48,232
41,194,48,233
41,194,49,234
41,194,49,234
40,195,50,234
41,195,50,232
40,195,49,231
40,194,49,230
40,194,49,228
41,194,50,228
40,194,51,228
39,193,51,228
40,193,50,230
41,191,50,231
41,191,50,231
41,190,49,231
41,190,49,232
41,190,48,232
41,190,48,233
41,189,48,233
41,189,49,234
41,189,50,234
41,190,50,232
41,190,49,231
41,189,49,230
41,190,49,228
42,189,50,227
41,189,50,227
41,189,51,226
41,188,51,227
41,188,50,228
42,187,50,228
41,186,50,229
42,186,49,229
41,186,48,230
41,186,48,230
41,186,48,230
41,186,48,232
42,185,50,232
42,185,50,232
41,185,50,231
41,185,49,229
41,186,49,228
41,185,49,227
41,185,50,226
41,184,51,225
40,184,51,226
40,184,50,226
40,184,50,226
40,183,49,227
39,183,49,228
39,184,49,228
39,184,48,228
39,184,48,229
40,184,48,230
41,183,49,231
41,183,50,230
42,183,50,230
41,183,50,228
41,183,49,227
41,183,49,225
40,183,50,224
40,183,50,224
40,183,51,224
40,183,51,224
39,183,50,224
39,183,50,224
40,183,49,225
39,183,49,225
39,183,48,225
39,184,48,226
39,184,48,226
38,184,48,227
39,184,50,228
39,184,50,227
38,185,50,226
39,186,49,225
39,186,49,223
39,187,50,221
39,187,50,221
39,187,51,221
39,187,51,221
39,186,50,221
39,186,50,222
39,187,50,222
39,187,49,224
39,186,48,224
39,187,48,224
38,187,48,225
38,187,48,225
39,187,49,227
40,187,50,227
39,188,50,226
39,189,50,225
39,190,49,223
38,190,49,221
38,191,50,220
39,192,51,220
38,192,51,220
38,192,51,220
38,193,50,220
38,194,49,221
38,195,49,221
38,195,49,222
38,195,48,222
38,196,48,222
38,197,48,223
38,197,49,224
39,198,50,224
38,198,50,224
38,199,50,223
38,200,50,222
38,201,49,220
39,202,50,218
39,204,51,217
39,204,51,217
39,204,51,218
39,205,50,217
39,206,50,218
39,207,50,218
38,208,49,218
39,209,49,218
38,210,48,219
38,211,48,219
38,212,48,219
37,213,49,220
37,214,50,220
37,215,50,219
37,216,50,218
37,216,49,216
37,218,49,214
37,219,50,213
37,220,51,213
36,220,51,212
37,220,50,213
38,220,50,214
38,221,50,214
39,222,49,214
39,223,49,215
38,224,48,215
39,224,48,216
39,225,48,217
38,226,49,219
38,227,49,219
38,228,50,218
39,230,50,217
39,231,49,215
40,233,49,214
40,234,50,211
41,235,50,210
40,236,51,211
41,236,51,211
41,236,51,212
42,236,50,213
42,237,50,213
42,238,49,213
42,239,49,213
43,240,48,213
43,241,48,214
43,241,48,215
43,242,49,216
43,244,50,215
43,245,50,213
43,246,50,212
43,247,49,211
43,248,49,210
43,248,50,210
42,248,51,209
42,249,51,210
43,249,51,210
43,250,51,210
43,251,50,210
44,252,50,210
45,253,49,211
45,254,49,210
45,255,48,210
46,256,49,210
46,258,49,211
46,258,50,212
46,259,50,211
46,260,50,211
46,261,50,209
47,263,50,208
49,265,50,207
49,266,51,206
49,267,51,206
49,268,51,205
49,269,51,205
48,271,51,205
48,272,50,205
48,272,49,205
48,273,49,206
49,273,49,206
49,274,49,207
49,275,49,208
49,276,50,209
49,277,51,208
49,279,51,207
49,280,50,206
49,282,50,204
49,284,50,202
50,286,51,201
50,288,51,200
49,289,52,200
49,290,51,201
50,290,51,202
50,291,51,202
49,292,50,202
49,294,50,202
49,295,49,202
49,297,49,203
49,298,49,204
49,299,49,205
49,301,50,205
49,303,51,204
48,304,51,202
48,305,50,202
48,307,50,200
48,308,50,199
47,309,51,198
47,310,51,198
47,312,51,198
46,313,51,198
46,315,50,198
46,317,50,198
45,318,49,199
45,319,49,200
45,321,49,201
45,322,48,202
45,324,49,203
46,324,49,204
46,325,50,204
46,327,50,203
45,328,50,201
45,330,49,199
45,331,50,197
46,333,50,196
45,334,51,196
45,335,51,195
45,336,51,196
46,336,50,197
46,337,50,197
47,338,49,198
47,340,49,198
47,341,49,199
48,341,48,201
48,342,48,202
47,343,49,203
47,345,51,203
48,347,51,202
49,348,51,201
50,350,51,199
51,352,50,197
51,353,50,195
52,354,51,194
51,354,52,195
51,354,51,196
51,355,51,196
50,355,50,197
50,356,50,197
50,356,49,198
50,357,49,198
50,359,48,198
50,360,48,199
49,361,49,199
50,361,50,201
49,362,51,201
50,364,51,200
50,365,50,198
50,365,50,197
50,367,50,196
50,367,51,196
50,368,51,195
50,369,51,195
50,370,51,195
50,371,50,196
50,372,50,196
50,373,50,197
51,374,49,198
50,375,49,198
51,375,48,199
52,376,49,201
53,376,50,202
53,377,51,203
52,378,51,202
52,379,51,202
52,381,50,201
53,383,50,199
54,385,51,198
55,387,51,197
54,387,52,198
54,389,51,198
54,390,51,198
53,391,50,198
53,392,50,198
52,393,50,200
52,394,49,201
52,395,49,202
52,397,49,203
51,398,49,204
51,400,51,205
51,402,51,204
50,404,51,203
50,405,51,202
49,407,50,201
49,408,51,199
49,409,51,198
49,409,51,198
48,410,52,199
48,411,51,200
49,411,51,201
50,412,50,202
50,413,50,202
50,415,49,203
49,416,49,203
49,418,48,203
49,419,49,205
49,420,50,206
48,422,51,206
48,424,51,206
49,425,50,206
49,426,50,205
49,427,50,203
50,429,50,202
50,430,51,201
50,431,51,201
50,432,51,201
49,433,50,201
49,434,50,201
49,435,49,201
48,436,49,202
48,437,49,202
48,437,48,203
49,438,48,204
49,439,48,205
49,439,50,206
48,440,51,206
48,441,50,204
49,443,50,203
49,445,50,200
50,446,50,199
50,447,51,197
50,448,51,197
50,448,51,197
49,449,50,197
50,449,50,197
50,449,50,198
51,450,49,198
51,450,49,199
52,450,48,200
53,451,48,200
54,451,48,201
55,453,49,202
56,453,51,202
55,454,51,202
55,455,51,201
55,455,50,200
55,456,50,198
55,457,51,196
55,457,51,195
55,457,51,195
55,457,51,195
54,457,50,196
54,458,50,196
54,459,50,196
54,460,49,196
54,461,48,196
53,462,48,196
53,463,48,196
53,463,49,197
52,464,50,197
52,465,51,196
51,466,50,196
51,467,50,194
51,467,50,193
51,468,50,192
50,469,51,191
50,470,51,190
50,470,51,190
49,471,50,190
49,471,50,191
49,472,50,191
48,473,49,191
48,473,48,191
48,474,48,191
48,475,48,192
47,476,48,192
47,476,49,193
47,476,50,193
47,477,50,192
46,477,50,191
46,478,50,189
46,479,50,187
46,480,50,185
45,480,50,185
46,480,51,185
46,480,50,185
46,480,50,186
46,481,49,186
45,481,49,187
44,481,48,187
45,482,48,188
45,483,48,188
45,484,48,188
44,485,48,188
44,486,49,188
44,486,50,188
44,487,50,186
44,488,50,185
44,489,49,184
45,490,50,183
45,490,51,182
46,490,51,181
45,490,51,182
45,491,50,182
45,491,50,182
45,492,49,183
45,492,49,183
45,492,49,183
45,493,48,184
44,493,48,184
45,493,48,185
45,494,49,186
45,494,50,186
44,495,50,186
44,495,50,184
44,496,50,183
45,497,50,181
45,497,50,180
45,497,51,179
44,498,51,179
44,497,50,178
44,498,50,178
43,498,50,178
43,499,49,179
43,498,49,179
42,498,48,179
43,499,48,179
43,499,48,179
43,500,49,180
44,500,49,181
44,500,50,180
44,500,50,179
43,499,50,178
43,500,49,176
44,501,50,174
45,502,50,173
45,502,51,172
45,502,51,173
45,502,51,173
44,502,50,174
44,502,49,174
44,503,49,175
43,503,48,175
43,503,48,175
43,504,48,176
44,503,48,176
43,504,49,177
43,504,50,177
43,504,50,176
44,505,50,175
44,505,50,174
45,505,49,173
46,506,50,172
46,505,51,170
46,505,51,170
46,505,51,170
45,505,50,170
45,505,50,171
45,505,49,171
45,504,49,171
44,504,48,172
45,504,48,173
45,505,48,173
44,504,49,174
45,504,50,175
44,504,51,174
44,504,51,173
44,504,51,172
44,505,50,170
45,505,51,168
45,505,51,167
45,505,51,167
45,505,51,167
44,504,51,167
44,504,50,168
44,504,50,168
44,505,49,168
44,505,49,169
44,505,48,169
43,505,48,169
43,505,49,170
43,505,50,170
43,505,51,170
42,505,51,169
43,505,51,168
43,505,50,166
44,505,50,164
44,505,51,163
44,505,51,162
44,505,51,162
43,504,51,163
43,504,50,163
42,504,50,164
42,503,49,165
42,503,49,165
42,502,49,166
41,502,48,166
41,502,48,166
41,501,49,167
42,501,50,167
41,501,51,166
41,502,51,166
41,502,50,165
41,501,50,164
42,502,50,163
42,501,51,162
42,501,51,162
42,501,51,162
42,502,51,161
42,502,50,162
41,503,50,162
41,504,49,162
41,504,49,163
41,505,49,163
41,506,48,164
41,507,49,165
42,509,50,165
42,510,51,164
42,512,51,163
42,513,51,163
42,514,51,161
42,516,50,160
42,518,51,158
43,519,51,158
43,521,52,157
43,522,51,158
43,523,51,158
43,525,50,159
43,526,50,160
43,527,49,161
43,528,49,161
42,530,49,161
42,531,49,162
42,532,50,162
42,534,51,162
42,535,52,161
42,536,51,160
42,538,51,159
42,539,51,157
43,541,51,156
43,542,52,154
43,543,52,154
43,544,52,154
43,545,51,154
42,546,51,154
42,547,50,155
43,547,50,156
43,548,49,157
44,549,49,157
44,549,49,158
44,550,50,159
45,551,51,160
45,552,52,160
44,553,52,159
44,554,52,158
44,554,52,157
45,556,52,156
46,557,52,155
46,558,52,154
46,558,53,154
45,558,52,155
45,559,51,156
44,559,51,156
44,559,51,157
44,560,50,157
43,561,50,158
43,562,49,158
43,563,50,158
43,564,51,159
43,564,52,159
43,565,52,158
43,566,52,157
42,566,51,156
42,567,51,155
41,567,51,155
41,567,52,155
41,568,53,154
41,568,52,154
41,568,51,154
41,569,51,155
42,570,51,154
42,571,51,155
41,571,50,156
41,571,50,156
41,572,49,157
41,572,50,157
41,573,51,158
41,574,52,157
40,574,52,156
40,575,52,155
40,576,51,153
39,576,51,152
39,575,52,151
39,575,52,150
39,575,52,151
38,575,51,151
38,575,51,152
38,575,50,152
38,576,50,153
37,576,50,154
37,576,49,154
37,576,49,155
36,576,49,155
36,576,50,156
36,576,51,156
37,578,51,155
38,578,51,153
39,579,51,152
40,580,50,150
41,580,51,149
42,580,52,148
42,580,52,148
41,579,52,149
41,579,51,149
41,580,50,149
41,580,50,149
40,580,50,150
40,581,50,150
40,581,49,150
40,581,49,151
40,580,49,153
41,580,50,154
41,580,51,154
40,581,51,152
40,580,51,152
40,580,51,150
40,581,51,148
40,581,51,147
39,581,51,147
40,580,52,148
40,579,51,149
41,578,51,150
41,578,50,151
41,578,50,150
40,578,49,151
40,578,49,151
40,579,48,151
40,579,48,152
40,579,49,153
39,579,50,154
40,579,51,153
40,579,50,152
42,579,49,151
43,580,50,149
44,580,50,148
44,581,51,148
45,580,51,147
44,580,51,148
45,579,51,149
45,578,50,150
45,577,50,150
45,577,49,151
45,577,49,151
45,576,48,151
45,576,49,152
45,575,49,152
46,575,50,153
46,575,51,153
45,574,51,153
45,574,50,152
45,574,50,151
46,574,51,149
47,575,51,147
47,575,51,147
47,574,52,147
46,574,51,147
46,573,51,147
46,573,50,148
47,572,50,149
47,572,49,150
47,571,49,150
48,571,49,150
48,571,49,151
48,571,50,152
48,571,51,152
48,571,51,151
48,571,51,150
48,570,51,150
48,570,50,148
49,570,51,147
50,570,51,146
51,570,51,146
51,568,51,147
50,568,51,147
50,568,50,147
50,568,50,148
51,567,49,148
52,566,49,149
52,565,48,150
54,564,48,151
55,564,49,152
56,563,50,152
56,563,51,152
56,562,51,151
56,562,50,150
55,562,50,148
56,562,50,147
57,562,51,146
57,561,51,146
58,561,51,145
59,561,51,146
59,561,51,145
59,561,50,146
59,561,50,146
59,561,49,147
59,561,49,147
58,561,48,148
58,560,49,149
