34,18,21,18
34,18,21,19
34,18,21,19
34,18,21,19
35,18,21,19
34,18,21,19
34,18,21,19
34,19,22,19
34,19,22,19
34,19,21,19
34,19,22,19
34,19,22,19
34,20,22,19
34,20,22,19
34,20,22,18
33,20,22,18
33,20,22,18
33,19,22,18
33,20,22,18
33,20,22,19
33,20,22,18
34,20,22,19
34,21,21,19
35,20,21,19
35,20,21,19
34,20,22,19
34,20,21,19
34,20,22,19
34,20,22,19
34,20,22,18
34,20,22,19
33,20,23,18
33,20,22,18
33,20,22,18
34,19,22,18
34,19,22,18
34,19,22,18
34,19,22,18
34,19,22,18
34,19,22,18
33,19,21,19
33,19,22,18
33,18,22,18
34,18,21,18
33,18,22,18
33,18,22,18
33,18,22,18
33,18,22,18
33,18,22,18
33,17,22,18
33,17,22,18
33,17,22,18
33,17,22,18
33,17,22,17
33,17,22,17
33,17,22,18
33,17,22,18
33,17,22,18
33,17,22,17
33,17,21,18
33,17,22,18
33,17,22,18
33,17,21,18
33,17,21,18
33,17,21,17
32,17,22,17
32,17,22,18
32,17,22,17
32,17,22,17
32,17,22,17
32,17,22,17
32,17,22,17
31,17,22,17
32,16,22,17
32,16,22,17
32,16,22,17
32,17,21,17
32,17,22,17
32,17,21,17
32,17,21,17
32,16,21,17
32,17,21,17
31,17,21,17
31,17,21,17
31,17,21,17
31,17,22,17
31,17,22,17
31,17,22,17
31,16,22,17
31,16,22,17
31,16,22,17
31,16,22,17
30,16,21,17
31,16,22,17
31,16,21,17
32,16,21,17
32,16,21,18
32,16,21,18
32,16,21,18
32,16,21,18
32,16,21,18
31,16,21,17
31,16,21,18
31,16,22,18
31,16,22,17
31,16,21,18
31,16,22,18
30,17,21,18
30,17,21,17
31,16,22,17
31,16,22,17
31,16,21,17
31,16,21,18
31,16,21,18
32,17,21,18
31,17,21,18
31,17,21,18
31,17,21,18
31,17,21,18
31,17,21,18
32,17,21,18
32,17,21,18
32,17,22,18
32,18,21,18
32,18,21,18
32,19,22,18
32,19,21,18
32,18,21,18
32,19,21,18
33,19,21,18
32,18,21,18
33,18,21,18
33,19,21,18
33,19,21,18
33,19,21,18
32,19,21,18
32,19,21,18
32,19,21,18
32,19,21,18
32,19,21,18
32,19,21,18
32,20,21,18
32,19,21,18
32,19,21,18
32,19,21,18
32,19,21,18
32,19,21,18
32,19,21,18
32,19,21,18
32,18,21,18
32,18,21,18
32,19,21,18
31,19,21,18
31,19,21,18
32,19,21,18
31,19,21,17
31,19,21,17
31,19,21,18
31,19,20,17
31,19,21,18
30,19,21,17
30,18,21,17
30,18,21,17
30,18,21,17
29,18,21,17
30,18,21,17
29,18,21,17
29,18,21,17
29,17,21,17
30,17,21,17
30,18,21,17
31,18,21,17
31,18,21,18
31,18,21,18
31,18,20,18
31,18,20,17
31,18,20,18
30,18,20,18
31,18,21,17
31,18,21,18
31,18,21,17
31,18,21,18
31,18,21,18
30,18,21,17
30,18,21,17
30,18,21,17
30,18,21,17
30,17,21,17
31,17,21,17
31,18,21,17
32,18,20,18
33,18,20,18
33,18,20,19
34,18,20,18
34,18,20,18
33,18,20,18
33,18,20,18
33,19,20,18
33,18,21,18
33,19,20,18
32,18,21,18
32,18,20,18
32,18,21,18
31,18,20,18
31,18,20,18
31,18,20,18
31,18,20,18
31,17,20,18
31,18,20,18
31,18,20,18
32,18,20,18
31,18,20,18
32,18,20,18
31,18,20,18
31,17,20,18
31,18,20,19
32,18,21,18
31,18,21,18
31,18,20,18
31,18,21,18
31,18,21,18
31,18,21,18
31,17,21,18
31,17,21,18
31,17,21,18
31,17,21,18
31,17,21,18
31,17,21,18
31,17,21,18
32,17,21,18
32,17,20,18
31,17,20,18
32,16,21,18
31,17,21,18
31,17,21,18
31,17,21,18
31,17,22,18
31,17,22,18
31,17,22,18
31,17,22,18
31,16,22,18
31,16,22,18
31,16,22,18
30,16,22,18
30,16,22,18
30,16,22,17
30,16,22,18
31,16,22,18
31,16,21,18
32,17,21,18
32,16,22,19
32,17,21,19
32,16,22,18
32,17,22,19
31,16,22,18
31,16,22,18
31,16,22,18
32,16,22,18
31,16,22,18
31,16,22,18
30,16,22,18
31,16,22,18
31,16,22,18
31,15,22,18
31,15,22,18
32,16,22,18
32,15,21,19
32,16,22,19
32,16,22,19
32,16,21,19
32,16,21,19
32,16,21,19
32,16,21,18
32,16,21,18
32,16,21,19
32,16,22,19
32,16,21,19
32,16,22,18
32,16,22,18
32,16,22,18
32,16,22,18
31,15,22,18
31,15,22,18
31,16,21,19
31,15,22,18
31,16,21,18
31,15,22,18
31,15,21,18
31,15,21,18
31,15,21,18
31,15,22,18
31,15,22,18
31,15,23,19
30,16,23,18
30,15,23,18
30,15,23,19
30,15,23,18
30,15,23,18
30,15,24,18
30,15,24,18
30,15,24,18
30,15,24,18
30,15,23,18
29,15,24,18
29,15,23,18
30,15,23,18
30,15,23,18
30,15,23,18
30,15,24,18
29,16,24,19
30,16,24,19
30,16,24,18
29,16,24,18
29,16,24,18
29,16,24,18
29,16,25,18
29,16,25,18
29,16,25,18
29,16,25,18
29,16,25,18
29,16,25,18
28,16,25,18
29,16,25,18
29,16,25,19
29,17,25,19
29,16,25,19
29,17,24,18
31,16,25,19
31,17,25,19
32,17,26,19
33,16,25,19
33,16,25,18
32,16,26,19
33,16,26,19
33,17,26,19
33,17,26,19
32,17,26,19
33,16,26,19
33,17,26,19
34,17,26,19
35,17,26,19
35,17,26,19
35,17,26,19
36,16,26,19
35,16,25,19
36,17,25,19
35,17,25,19
35,17,25,19
35,17,25,19
35,17,25,19
35,17,25,19
35,18,25,19
35,18,26,19
34,18,26,19
34,18,26,19
34,18,26,19
34,17,26,19
34,18,26,19
34,18,26,19
34,18,25,19
34,18,25,19
34,18,25,19
34,18,25,19
34,18,25,19
33,19,25,19
33,18,25,19
33,19,25,19
33,18,25,19
33,19,25,20
33,19,26,20
33,19,26,20
33,19,26,20
33,19,26,20
33,19,26,20
33,18,26,20
33,19,26,20
33,18,26,19
33,18,26,20
33,18,26,19
33,18,26,20
33,18,25,20
33,18,25,20
32,18,25,20
32,18,25,20
32,19,25,20
32,18,25,20
32,18,26,20
32,19,26,20
32,19,26,20
31,19,26,20
31,19,26,20
31,19,26,20
31,19,26,20
31,18,25,20
31,18,26,20
30,18,25,20
30,18,26,19
30,18,26,20
31,18,26,20
31,19,25,20
31,19,25,21
31,19,25,21
30,19,25,21
31,19,25,21
31,19,25,21
32,20,26,21
32,20,26,21
32,19,26,21
32,20,26,21
33,20,26,21
32,19,26,21
32,19,26,21
33,19,26,21
32,19,26,21
32,19,26,21
33,19,26,21
34,19,26,21
35,19,26,21
35,19,26,22
35,19,26,22
35,20,26,23
35,19,26,23
35,20,26,23
35,20,26,23
36,20,27,23
36,20,27,22
36,20,27,22
35,20,27,22
35,20,27,23
34,19,26,22
34,19,27,22
34,19,27,22
34,19,27,22
34,19,27,22
34,19,27,22
35,19,27,23
36,19,26,23
37,19,26,23
37,19,26,24
38,19,26,24
37,19,26,24
37,19,27,24
37,19,27,24
37,19,27,24
37,19,26,23
36,19,26,23
36,19,26,23
36,19,26,23
36,19,26,23
36,19,27,23
36,19,27,23
35,19,27,23
35,19,27,23
35,19,27,22
36,19,26,23
37,19,26,24
37,19,26,24
37,19,26,25
38,19,26,24
37,19,26,24
38,19,26,25
37,19,26,24
38,20,27,24
38,20,27,24
38,20,27,24
38,20,27,24
38,20,27,24
38,21,27,24
38,21,27,23
38,21,28,23
38,21,27,23
38,20,27,23
38,21,27,23
39,21,27,23
40,21,27,24
40,22,27,25
40,22,27,25
40,22,26,24
40,22,27,24
40,22,27,24
40,22,27,24
40,21,27,24
40,21,27,24
40,21,27,24
40,21,27,23
39,21,26,24
40,21,27,24
40,21,27,23
40,21,27,23
40,21,27,23
40,21,27,23
39,21,27,23
39,21,27,23
40,21,27,23
40,21,27,23
40,21,27,24
40,21,27,23
40,21,27,23
39,21,27,23
39,21,27,23
39,20,27,23
38,20,27,23
38,20,27,23
38,20,27,23
38,20,27,23
38,21,28,23
38,21,28,22
38,21,28,23
38,21,28,22
38,20,28,22
38,20,27,22
39,20,28,22
39,20,27,23
40,20,27,23
39,20,27,23
39,20,27,22
38,20,27,23
38,20,27,22
38,19,27,22
38,20,27,22
37,19,27,22
37,19,27,22
37,19,28,22
37,20,29,22
36,19,28,22
37,19,29,22
36,19,28,22
36,19,28,22
36,19,28,21
37,19,28,22
37,20,28,22
38,20,28,22
37,20,28,22
37,19,27,22
37,20,27,22
37,19,27,22
36,19,27,22
36,19,27,22
36,19,27,22
36,19,27,21
36,19,27,21
35,19,27,22
35,19,28,21
35,19,28,21
35,19,28,21
35,19,28,21
36,19,28,21
36,19,28,21
37,19,27,21
37,19,27,21
36,19,27,21
36,18,27,21
36,19,27,21
36,19,27,21
36,19,27,21
36,18,27,21
36,18,27,21
36,19,27,21
36,19,28,21
36,19,28,21
36,19,28,21
36,19,28,21
36,19,28,21
35,19,28,21
36,19,28,21
35,19,28,21
35,19,28,20
35,19,28,21
36,19,28,21
36,19,28,20
36,19,28,20
36,19,28,21
37,19,27,21
36,19,27,21
36,19,27,21
36,19,27,21
36,19,28,21
36,19,28,21
36,19,28,21
36,19,28,21
36,19,29,21
36,19,29,21
36,19,29,21
36,19,29,21
36,19,28,21
36,18,28,20
36,18,28,21
36,18,28,20
37,18,28,21
38,19,28,21
38,18,28,21
38,19,28,22
38,19,28,21
38,19,27,22
38,19,27,22
38,19,28,22
38,19,28,22
38,19,28,21
38,19,29,21
38,19,29,22
37,19,29,21
38,19,29,21
38,19,28,21
38,18,28,21
38,18,29,21
37,18,29,21
38,19,29,21
38,19,28,22
38,19,28,22
39,19,28,23
39,19,28,23
39,19,28,23
39,19,28,23
39,19,28,23
39,19,29,23
39,20,29,23
39,20,29,23
39,20,29,22
38,20,29,22
38,20,29,22
37,20,28,22
37,20,29,22
37,20,29,22
37,20,29,22
38,20,29,22
38,20,29,22
39,20,29,23
39,20,28,23
39,20,28,24
39,20,28,24
39,21,28,24
39,21,28,24
39,20,29,24
40,20,30,23
39,20,29,24
39,20,30,23
39,20,29,24
39,20,29,23
39,20,29,23
38,20,30,23
38,20,30,23
38,19,29,23
38,19,29,23
37,19,29,23
38,19,29,23
37,19,29,22
38,19,29,23
38,20,28,24
38,20,29,24
38,20,29,24
38,20,29,24
38,20,29,23
38,20,29,23
38,20,29,23
38,20,29,23
38,20,29,23
37,20,29,23
37,20,29,23
37,20,29,23
37,20,29,22
37,20,29,23
37,20,30,23
37,20,30,23
37,20,30,23
37,20,30,23
37,20,29,24
38,20,29,23
38,20,29,23
38,19,29,23
38,19,29,23
37,19,29,23
37,20,29,23
38,19,30,23
38,19,29,23
37,20,29,23
37,19,30,23
37,19,30,23
37,19,30,22
37,19,30,23
36,19,30,23
36,19,29,22
36,19,29,23
37,19,30,22
37,19,29,22
37,19,29,23
37,19,29,23
38,19,28,23
38,19,29,23
38,19,29,23
37,19,29,23
37,19,29,23
38,19,29,23
37,19,29,23
37,19,30,23
37,18,29,22
37,18,29,22
36,18,29,22
36,18,29,22
36,18,29,22
36,18,29,22
36,18,28,22
36,18,28,22
37,17,28,22
37,18,28,22
37,18,28,22
37,18,28,22
37,18,28,22
37,18,28,22
37,17,28,22
37,18,28,22
38,17,28,22
38,17,28,21
38,17,28,22
38,17,28,22
38,17,28,22
37,17,28,21
38,17,28,22
37,17,28,21
38,17,28,21
38,17,28,21
38,17,27,22
38,17,27,22
38,18,27,22
37,18,27,22
37,18,26,23
37,18,27,22
37,18,27,22
37,18,27,22
37,18,27,22
37,18,27,22
37,18,26,22
37,18,27,22
37,18,27,22
36,17,26,22
37,17,26,21
37,17,26,21
37,17,26,21
36,17,26,21
36,17,26,21
37,17,26,22
38,17,26,22
38,17,25,23
37,17,26,22
38,17,25,22
38,17,25,22
38,17,25,22
38,17,26,22
38,17,26,22
38,17,25,22
37,16,26,22
37,17,25,22
37,16,25,22
37,16,26,22
37,16,25,21
37,16,25,22
37,16,25,22
37,16,25,21
37,16,25,21
38,16,25,21
39,16,25,22
40,16,25,23
41,16,25,23
41,17,25,23
40,17,25,23
40,17,25,23
40,17,25,23
40,17,25,23
39,17,25,23
40,17,25,23
39,17,25,23
39,17,25,22
39,17,25,22
39,17,25,22
38,17,25,23
38,16,25,22
38,16,25,22
39,16,25,22
40,17,25,23
40,17,25,23
40,17,25,23
40,17,25,23
40,17,24,23
39,17,24,23
40,17,25,23
40,17,25,23
40,16,25,23
39,16,25,23
39,16,25,23
39,16,25,23
39,16,25,23
40,17,26,23
39,16,26,23
39,16,26,22
39,17,25,23
38,16,26,22
38,16,26,23
38,16,25,22
38,16,25,22
38,16,25,22
38,16,24,22
38,16,25,22
38,16,25,22
37,16,25,22
38,16,25,22
38,16,24,22
37,16,25,22
38,16,25,22
37,16,26,22
37,16,26,22
37,16,25,22
37,16,25,22
37,16,25,22
36,16,25,21
36,16,25,21
37,16,25,22
37,16,25,22
37,16,25,22
37,16,25,21
37,16,25,22
36,16,25,22
36,16,24,22
37,16,25,21
37,16,25,21
37,16,25,21
37,16,25,21
37,17,25,21
37,17,25,21
37,18,25,21
36,17,25,21
37,17,25,21
37,16,25,21
38,16,25,20
38,16,25,21
38,16,25,21
39,17,25,21
39,17,25,21
39,16,24,21
40,17,24,21
39,17,24,21
39,16,24,22
39,17,24,21
38,17,24,21
39,17,24,21
39,17,25,21
39,17,25,21
39,17,25,21
39,17,25,21
38,17,25,21
38,17,25,20
38,17,24,21
39,17,25,21
39,17,25,20
38,17,24,21
39,16,25,21
39,17,25,20
39,17,24,21
39,17,24,21
39,17,24,21
39,17,24,21
39,17,24,21
39,17,24,21
40,17,25,21
40,17,25,21
40,17,25,21
40,17,25,21
40,17,25,21
40,18,25,21
40,18,24,21
40,18,25,21
39,18,25,21
39,18,25,21
40,18,25,21
40,19,24,21
40,18,25,21
40,19,24,21
41,19,24,21
41,19,24,22
41,19,24,21
40,19,24,22
40,20,25,22
41,19,25,22
40,20,25,21
40,20,25,21
40,20,25,21
39,19,25,21
39,19,25,21
39,19,25,21
39,19,25,21
39,19,25,21
38,19,25,21
38,19,25,21
38,19,25,21
39,19,25,21
39,19,25,21
39,19,24,22
39,19,24,21
39,19,24,22
39,19,25,22
39,19,25,21
39,20,25,22
39,19,25,21
38,19,25,21
38,19,25,21
39,19,25,21
39,19,25,21
39,19,25,21
39,19,25,21
39,19,26,21
39,19,25,21
39,19,25,21
40,19,25,21
40,19,25,21
40,19,25,21
40,19,25,21
40,19,25,21
41,19,25,21
41,19,25,21
41,20,25,21
41,20,25,21
41,20,25,21
41,20,25,21
40,20,25,21
40,20,25,21
40,19,25,21
40,19,25,21
40,19,25,21
39,20,25,21
39,19,25,21
39,19,25,20
39,19,25,21
39,20,24,21
39,19,24,21
39,19,24,21
39,19,24,21
39,19,24,21
39,20,24,21
38,20,25,21
38,20,25,21
39,20,25,21
39,20,25,21
39,19,25,21
39,19,25,20
39,19,25,20
39,20,25,21
38,20,26,20
38,19,26,20
38,19,26,20
38,20,25,20
39,20,25,21
34,16,23,20
34,16,23,19
33,17,23,20
34,17,23,19
33,16,23,19
33,16,23,19
33,16,23,19
33,16,23,19
33,16,23,19
33,16,23,19
34,16,23,19
34,16,23,19
35,16,23,19
36,17,23,20
36,17,23,20
36,17,23,20
36,17,23,20
35,17,24,20
35,17,24,19
35,17,24,20
35,17,24,20
34,17,24,19
35,17,24,19
35,17,23,19
36,16,23,19
35,16,24,19
35,16,24,19
35,17,24,19
35,16,24,19
35,17,24,20
35,17,24,20
35,17,23,20
35,18,23,20
35,17,24,20
35,17,23,20
35,18,24,20
35,19,24,20
35,18,24,20
35,19,24,20
34,19,24,20
34,18,24,20
35,18,24,20
35,18,24,20
35,18,24,20
34,18,24,20
34,18,24,19
34,18,24,20
35,18,24,20
35,18,24,21
36,18,24,21
36,18,23,21
37,18,23,22
37,18,24,22
37,18,24,22
36,18,24,22
37,18,24,22
37,18,24,21
37,17,24,21
36,18,24,21
36,17,24,21
36,17,24,21
36,17,24,21
36,17,24,21
35,17,25,21
35,17,25,21
35,17,25,21
35,17,25,21
35,18,24,22
35,17,24,21
36,18,24,22
36,18,24,22
36,18,24,22
35,18,24,22
36,18,25,22
36,18,25,22
36,18,26,22
36,18,25,22
36,18,26,22
36,18,25,22
36,18,25,22
36,18,25,22
36,18,25,22
35,18,25,22
35,18,25,21
35,18,25,21
36,18,25,22
37,18,25,22
38,18,25,22
38,18,25,23
39,18,24,23
39,18,24,23
39,19,25,23
39,19,25,23
39,19,26,23
40,19,26,23
39,18,26,22
39,19,26,23
39,19,26,23
39,18,26,23
39,18,26,22
39,18,26,22
39,18,26,22
39,18,26,23
39,18,26,22
39,18,26,22
39,18,26,22
39,19,26,23
39,18,26,23
39,18,26,23
39,18,26,23
39,18,25,23
39,18,26,23
39,18,26,23
39,19,26,23
40,19,26,23
39,19,27,23
39,19,27,23
39,19,26,23
39,19,27,23
39,19,26,22
39,19,26,22
39,19,26,23
39,18,26,22
40,19,26,22
40,19,26,22
41,19,26,23
41,19,26,23
41,19,26,23
41,19,25,23
41,19,26,22
41,19,25,23
41,19,25,23
40,19,26,23
40,19,26,23
40,19,26,22
39,19,26,22
39,19,26,23
39,19,26,22
38,18,25,22
38,18,25,22
38,18,25,22
38,18,25,21
38,18,25,22
39,18,25,22
39,18,25,22
39,18,25,22
38,19,24,23
39,19,25,22
38,19,24,22
38,18,25,22
37,18,24,22
37,18,24,22
37,18,24,22
37,19,25,22
38,19,25,22
37,20,25,22
37,19,25,22
37,19,25,22
37,19,25,21
37,19,25,21
37,19,25,21
37,19,24,22
37,19,24,22
37,19,24,22
37,19,24,22
37,19,25,22
37,19,24,22
37,18,24,22
37,18,24,21
37,18,24,21
36,18,25,21
36,18,24,21
36,18,24,21
36,18,24,21
36,18,24,21
36,18,25,21
36,17,24,21
36,17,24,21
36,17,24,21
37,17,24,20
37,17,24,20
38,17,24,21
38,18,24,22
38,18,23,22
38,18,23,22
38,18,24,22
38,18,23,22
38,18,24,22
38,18,24,22
38,18,23,22
38,18,24,21
38,18,24,22
37,18,23,21
37,17,23,22
37,17,23,21
37,17,23,21
36,17,23,21
36,17,24,21
36,17,23,21
37,17,23,22
37,18,23,22
38,18,23,22
38,18,23,23
38,18,23,23
37,18,23,23
37,18,23,22
37,17,23,23
37,18,23,22
36,18,23,22
36,18,23,22
36,18,22,22
36,18,23,22
35,17,23,22
35,17,23,22
35,17,23,22
35,17,23,22
36,17,22,21
36,17,23,22
36,17,23,22
36,17,22,22
36,18,22,22
35,17,22,22
35,17,22,22
35,17,22,22
35,17,22,22
35,17,22,22
35,17,22,22
34,17,22,22
34,16,22,22
34,17,22,22
34,17,22,22
33,17,23,22
33,17,22,21
33,17,22,21
33,16,22,21
33,16,22,21
33,16,22,21
33,16,22,22
33,16,22,23
33,16,22,23
33,16,22,23
33,16,22,23
33,16,22,23
33,16,22,23
33,16,22,23
32,16,22,23
32,16,22,22
32,16,22,23
32,16,22,22
32,16,21,22
31,16,22,22
31,16,21,22
31,15,22,22
31,15,22,22
31,15,21,22
32,15,21,22
32,15,21,23
32,15,21,23
32,16,21,23
32,16,21,24
32,16,21,24
31,16,21,24
32,15,21,24
32,16,21,24
32,16,22,24
32,17,22,24
32,16,22,23
32,16,22,23
32,16,22,23
31,16,22,23
32,15,21,23
32,16,21,23
32,16,21,23
32,16,21,23
32,16,21,23
33,16,21,24
33,16,21,24
33,16,21,24
33,16,21,25
33,16,21,25
33,16,20,24
33,16,21,24
34,16,21,24
34,17,21,24
34,17,21,24
33,17,21,24
34,17,21,24
33,17,21,24
33,17,21,24
33,17,21,23
33,16,21,23
33,16,21,23
33,16,20,23
34,17,20,24
34,17,21,24
35,17,20,25
35,18,20,25
35,18,21,25
35,18,20,26
35,18,20,26
35,18,20,26
35,18,20,26
35,18,20,25
35,18,20,25
34,18,20,25
34,18,21,25
34,18,21,25
34,18,21,25
34,18,21,24
33,18,21,24
34,18,21,24
33,18,20,24
33,18,20,24
32,18,21,24
32,18,20,25
33,17,21,25
33,17,20,25
33,17,20,25
33,18,20,25
33,17,20,25
33,17,20,25
32,18,20,24
32,17,20,24
32,17,21,24
33,17,21,24
33,17,20,24
33,17,21,24
33,17,20,24
34,17,20,24
35,17,20,24
35,17,20,24
36,17,20,24
36,17,20,24
37,17,20,25
36,18,20,26
37,17,20,25
37,17,20,26
37,18,20,26
36,17,20,25
36,17,20,25
36,17,20,25
35,17,20,25
35,17,20,25
35,17,21,25
35,17,21,24
34,18,21,24
34,17,21,24
34,17,21,24
34,17,20,24
34,17,21,24
34,17,20,24
35,17,21,24
35,17,20,25
35,17,20,25
35,17,20,26
35,18,20,26
35,17,20,26
34,17,20,26
35,18,20,26
34,18,20,25
34,18,21,25
33,18,21,25
33,18,21,25
33,18,21,25
33,18,21,25
33,18,21,24
32,18,21,24
32,18,21,24
32,18,21,24
32,17,21,24
32,17,20,25
33,18,20,25
33,18,20,25
33,19,21,25
34,19,20,25
34,19,20,25
33,18,20,25
34,18,20,25
33,18,21,25
33,19,21,25
32,18,21,25
32,18,21,24
32,18,21,24
32,18,21,24
31,18,21,24
32,18,21,24
31,18,21,24
31,18,21,24
31,18,21,24
31,18,21,24
31,19,21,24
31,19,21,25
31,19,21,25
31,19,20,25
31,19,21,25
31,19,21,25
31,19,21,25
31,19,21,25
31,19,21,25
31,19,21,25
31,18,21,24
31,19,21,24
31,18,21,24
31,18,21,24
31,18,21,24
31,18,21,24
30,18,21,24
31,18,21,24
31,18,21,25
31,19,21,25
32,19,21,26
32,19,21,26
32,18,21,26
32,19,21,26
33,19,21,26
33,19,21,26
33,19,22,25
33,19,22,26
34,19,22,25
34,19,22,26
34,19,22,25
34,19,23,25
34,18,23,25
34,18,23,24
34,18,23,24
33,18,22,24
34,18,23,25
35,18,22,26
36,19,22,26
36,19,23,26
36,19,22,26
36,19,22,27
36,19,22,26
36,19,22,26
36,19,22,26
36,19,22,26
36,19,23,25
35,18,23,26
35,19,23,25
35,19,23,25
34,19,23,25
35,19,23,25
35,19,23,25
35,19,23,25
35,19,23,25
35,19,23,25
36,19,23,26
36,20,23,26
36,20,23,26
36,19,23,26
35,20,23,26
35,20,23,27
36,19,23,26
36,20,23,26
36,19,23,26
36,20,22,26
36,20,23,26
37,20,24,26
36,20,23,25
36,20,24,25
36,20,23,25
36,20,23,25
36,19,23,25
36,19,23,25
36,20,23,25
37,20,23,26
36,20,23,26
36,20,23,27
36,20,23,27
36,20,23,27
36,20,23,27
36,20,23,27
36,19,23,26
35,20,23,26
35,19,23,26
35,19,23,26
35,20,23,26
35,19,24,26
34,19,24,26
35,19,24,26
36,19,23,26
36,19,24,26
36,18,24,26
37,19,23,27
37,19,23,28
37,19,23,28
37,19,23,28
37,19,23,29
37,18,23,29
37,19,23,29
37,18,23,28
37,19,23,28
36,18,24,28
37,18,23,28
36,18,24,28
37,19,24,28
37,18,24,28
37,19,24,28
36,19,24,28
36,19,24,27
36,18,25,27
36,18,25,28
37,18,24,28
37,18,24,28
37,18,24,29
37,18,24,29
37,18,24,29
36,18,24,29
36,18,24,29
36,18,24,29
36,18,24,29
36,18,24,29
35,19,24,28
35,18,24,28
35,18,25,28
35,18,25,28
35,18,25,28
35,18,25,28
35,18,25,28
35,18,25,28
35,18,25,28
35,18,25,29
35,18,25,29
35,18,24,29
35,18,25,28
35,18,24,29
35,18,24,28
35,17,24,28
35,18,24,28
36,18,24,28
35,18,25,28
36,18,25,28
36,19,26,28
36,19,26,27
35,18,26,27
36,18,26,27
35,18,26,27
35,18,26,27
35,18,26,27
35,18,26,27
35,18,26,27
35,19,26,28
35,19,26,28
35,19,25,29
35,19,25,29
35,19,26,29
35,19,25,29
35,19,25,28
35,19,25,28
35,19,26,28
35,19,26,28
35,19,26,28
34,19,26,28
34,19,26,28
35,20,26,27
36,20,26,27
35,19,26,27
36,19,26,27
36,20,26,27
35,20,26,27
35,20,26,27
35,20,26,28
36,20,25,29
37,20,25,29
37,20,25,29
37,19,25,29
37,19,25,29
37,19,25,29
36,20,25,29
36,19,26,29
36,19,26,29
36,19,26,28
36,19,26,28
36,19,26,28
36,18,26,28
35,18,26,28
35,19,26,28
36,19,26,29
35,19,26,29
35,19,26,29
35,19,26,29
35,18,25,29
35,18,26,30
35,18,26,30
34,19,25,30
35,19,26,30
34,19,26,30
34,18,26,30
33,18,26,30
34,18,26,29
34,18,26,29
32,19,26,30
33,18,26,29
33,18,25,29
33,18,25,29
33,18,26,29
33,18,25,29
32,18,25,30
33,18,25,30
33,19,25,31
33,19,25,31
33,19,25,31
33,19,25,31
32,19,25,31
32,19,24,31
32,19,25,30
32,19,25,30
32,19,24,30
32,18,25,30
32,18,25,30
32,18,25,30
31,18,25,30
31,18,25,29
31,18,25,30
31,18,25,30
31,18,25,30
31,17,25,30
31,18,25,31
31,18,24,32
31,18,24,32
30,18,24,32
31,18,25,32
31,18,24,31
31,18,24,32
31,17,24,31
31,17,24,32
31,17,24,32
31,17,25,31
31,17,24,31
31,17,25,31
31,18,25,30
32,18,25,31
32,17,25,30
31,18,25,30
31,18,25,31
31,18,25,31
31,18,25,32
31,19,25,32
30,18,24,32
30,18,24,32
30,19,25,32
31,19,25,32
30,19,25,32
30,19,25,32
31,19,25,32
31,19,25,32
31,19,25,32
32,18,25,32
32,19,24,32
32,18,25,32
32,18,25,32
32,18,26,32
32,18,25,31
31,18,25,32
32,18,25,32
32,19,25,33
32,19,25,34
32,19,25,34
32,19,25,35
32,19,25,35
32,20,25,34
32,19,26,34
32,20,26,34
32,20,26,34
32,20,25,34
31,20,25,34
32,20,25,34
31,20,25,33
31,19,26,33
31,19,26,33
31,19,26,33
31,19,26,32
31,19,26,33
31,19,26,33
32,19,26,34
32,19,26,35
32,20,26,36
33,20,26,36
32,20,25,36
33,20,26,35
33,20,26,35
34,20,27,35
33,20,27,35
33,20,26,34
33,20,26,34
32,20,26,34
32,19,26,34
32,20,26,34
32,19,26,34
32,19,26,33
32,19,27,33
32,19,27,33
32,19,27,34
32,19,26,35
32,19,26,36
33,20,26,36
32,20,26,36
32,20,26,36
32,20,26,36
32,19,26,36
32,20,26,36
32,19,27,35
32,20,27,35
31,19,26,35
31,19,27,35
31,19,26,35
31,19,27,34
31,19,27,35
31,19,26,34
31,19,26,34
30,19,26,34
30,19,26,34
30,19,26,34
31,19,26,35
31,20,26,36
30,20,26,36
31,19,26,36
31,19,26,35
31,19,26,35
31,19,25,35
30,19,25,35
30,19,26,35
31,19,26,34
30,19,26,34
30,19,26,34
30,19,26,34
30,19,26,34
30,18,26,34
30,18,26,34
30,18,26,34
31,18,26,35
31,19,26,36
31,19,25,36
31,19,25,35
31,19,25,36
31,18,25,36
30,19,25,36
30,18,25,36
30,19,25,36
29,19,25,35
30,19,25,35
29,19,25,35
30,19,25,35
30,20,25,35
30,20,25,34
30,20,25,34
29,20,25,34
30,19,25,34
30,20,24,34
31,20,24,35
31,21,24,35
32,21,24,36
32,21,24,36
33,21,24,37
33,21,24,37
32,21,24,36
32,21,24,36
32,21,24,36
32,21,24,36
32,21,25,36
31,20,25,36
32,20,25,36
31,20,24,36
31,20,25,35
31,20,24,36
31,19,24,35
30,20,24,35
30,19,25,35
30,20,24,36
31,19,24,36
31,20,24,36
31,20,24,37
31,20,24,38
31,20,24,38
31,20,24,38
31,20,24,37
32,20,25,37
32,20,24,37
32,20,25,37
31,20,25,36
31,20,25,36
31,19,25,36
31,19,24,36
31,19,24,36
31,19,24,36
31,19,24,36
32,19,24,36
32,19,24,37
33,20,24,38
33,20,24,38
33,20,24,39
33,20,23,38
33,19,24,38
33,19,24,38
33,19,24,38
33,19,24,38
33,19,24,37
33,19,24,37
33,19,24,37
34,19,24,36
34,19,25,36
34,19,24,35
34,18,24,36
34,18,24,35
34,18,24,36
35,18,24,36
36,18,24,37
36,18,24,38
37,18,23,38
36,18,23,38
37,18,23,38
36,17,23,38
36,18,23,38
36,18,23,38
36,17,23,37
35,17,23,37
35,17,24,37
35,17,24,37
35,17,24,37
35,17,24,37
35,17,24,37
35,17,24,37
35,17,24,37
35,17,24,36
35,16,24,36
34,17,24,37
34,17,24,37
34,17,24,38
34,17,23,38
34,17,23,39
34,17,23,39
34,17,23,39
34,17,24,38
34,18,24,38
33,18,24,38
34,18,24,38
33,18,24,37
33,18,24,37
33,18,24,37
33,18,24,37
32,19,24,37
32,19,24,36
32,19,24,36
32,19,24,36
34,18,23,38
34,19,24,38
35,19,24,39
36,20,24,39
36,20,24,40
35,21,23,40
35,21,24,40
35,21,24,39
35,21,24,39
35,21,24,38
35,21,24,39
35,20,24,38
34,20,24,38
34,20,24,38
34,20,24,37
33,20,24,37
33,20,23,37
33,20,24,36
34,20,24,37
34,21,23,38
34,20,23,38
34,20,23,39
34,20,23,39
34,20,23,39
33,20,23,39
34,19,23,39
33,20,23,39
33,19,23,38
33,20,23,38
33,20,23,38
33,19,23,38
32,20,23,37
32,20,23,37
33,19,23,37
33,20,23,37
33,20,23,37
33,20,23,37
33,21,23,37
34,20,23,37
34,21,23,38
34,20,23,39
34,20,23,39
34,20,23,40
34,20,23,40
34,20,23,39
34,20,22,39
34,20,23,39
34,20,23,38
34,20,22,38
35,20,22,38
35,20,22,38
35,21,22,38
34,20,22,37
34,20,22,37
34,20,23,37
34,20,23,37
34,20,23,37
34,20,23,37
33,20,23,38
34,20,23,38
34,21,23,39
34,21,22,40
33,21,23,39
33,20,23,39
34,21,23,39
34,21,24,39
34,21,24,38
34,22,24,38
34,21,24,38
33,22,24,38
33,21,24,38
33,21,24,37
33,21,24,37
32,21,24,37
33,21,24,37
33,22,24,38
33,22,24,38
35,22,24,39
34,23,24,40
35,23,24,40
35,23,24,40
35,23,25,40
35,23,26,40
35,22,26,39
34,23,27,39
35,22,27,39
35,23,27,39
35,22,27,39
34,22,27,39
34,22,27,38
34,23,26,38
33,23,27,38
34,24,27,37
33,24,27,37
33,23,27,37
33,24,27,37
33,25,27,38
33,25,27,39
33,26,26,39
33,25,27,39
34,25,26,39
34,25,26,38
34,25,26,38
34,25,26,38
34,25,26,37
34,25,26,37
34,24,26,37
34,24,27,37
34,24,27,36
33,24,28,36
33,24,28,36
33,24,28,36
33,23,28,35
34,23,28,36
34,23,28,37
35,23,28,37
36,23,28,38
35,23,27,39
35,23,27,39
35,24,28,38
35,24,27,39
35,24,27,39
36,24,27,39
36,24,27,39
35,24,27,38
36,24,27,38
36,24,27,39
36,23,28,39
36,23,27,39
36,24,27,39
35,23,28,39
36,22,28,39
36,22,27,40
37,23,27,41
37,23,27,42
38,24,27,42
38,25,27,43
38,25,27,43
38,26,27,43
38,27,27,43
38,27,27,43
38,27,26,43
38,27,26,43
38,27,26,43
38,29,27,42
38,30,26,42
39,30,27,42
38,30,27,42
38,30,27,42
38,30,26,43
38,31,27,42
37,31,27,42
37,32,27,42
37,32,26,42
37,32,26,42
36,32,26,42
36,33,26,41
36,32,26,41
36,32,26,41
36,32,27,41
35,31,26,40
35,31,27,40
35,31,27,39
34,31,27,39
35,31,27,39
34,31,27,39
34,31,27,39
34,31,27,39
34,30,27,38
34,30,27,38
33,30,27,38
33,30,27,38
33,30,27,38
32,29,27,39
33,29,27,39
32,29,27,39
32,29,26,39
32,29,26,38
32,29,27,38
32,29,27,38
32,29,27,38
32,28,27,38
33,28,27,38
33,28,27,38
32,27,27,38
32,27,27,38
32,28,27,37
32,27,27,37
32,27,27,37
32,27,27,38
32,28,27,40
33,27,27,40
32,27,27,40
32,27,27,40
32,28,26,40
32,28,26,40
32,29,26,39
32,29,26,39
32,30,26,39
32,30,26,39
32,29,27,38
31,30,26,38
31,30,27,37
31,30,27,37
31,30,27,37
31,30,27,37
31,31,26,37
31,30,26,37
31,31,26,37
30,31,26,37
30,31,26,37
30,30,26,38
30,30,27,38
30,30,27,39
30,30,27,39
30,30,27,39
30,31,29,38
30,32,30,38
30,32,30,37
30,32,31,37
30,31,31,37
30,32,31,37
30,32,31,37
30,32,31,37
30,32,31,36
30,32,31,36
30,32,31,36
30,32,31,36
30,33,31,36
30,33,31,37
31,33,31,38
31,33,32,39
31,32,32,40
31,33,32,40
32,33,32,40
32,34,32,40
33,35,32,39
33,35,32,39
32,35,32,39
32,35,32,39
33,36,33,39
33,36,33,38
33,35,33,38
34,35,34,37
33,35,34,37
33,35,34,38
33,34,34,38
33,35,34,38
33,34,33,39
34,34,34,38
34,34,33,39
34,34,33,39
34,34,33,39
33,34,33,38
33,33,33,38
33,33,33,38
33,33,33,37
34,33,34,38
35,32,34,37
35,33,34,37
36,33,34,36
37,33,35,36
37,32,34,36
37,32,34,36
36,32,34,36
36,31,33,36
36,32,33,37
36,32,33,37
36,32,33,38
36,33,33,38
36,33,32,39
37,33,32,39
37,33,33,39
37,33,34,39
37,32,35,39
37,32,35,39
36,32,36,40
36,31,36,40
36,32,36,41
36,32,36,42
35,31,36,43
36,31,35,43
36,32,36,43
36,32,36,42
35,32,35,42
35,32,35,42
35,32,35,42
35,32,35,42
35,32,35,42
35,32,35,42
35,32,35,42
35,31,35,41
36,32,35,41
36,32,36,40
36,33,36,40
36,34,35,40
36,34,35,40
36,34,35,39
35,34,35,39
35,34,36,38
35,34,37,39
35,33,37,38
35,34,37,38
35,35,37,39
36,35,36,39
36,36,37,40
36,36,36,39
36,36,36,39
36,36,36,39
37,36,37,39
37,35,37,38
37,35,37,38
37,35,37,38
36,35,37,37
37,34,37,37
36,35,37,37
37,34,37,37
37,34,37,36
36,34,37,37
36,34,37,38
36,35,37,38
37,35,37,39
37,35,37,40
37,34,37,40
37,34,36,40
37,34,36,40
37,34,36,40
37,34,36,40
37,34,36,40
36,34,37,40
37,34,39,39
37,34,40,39
37,33,41,39
38,33,41,39
38,34,42,38
38,34,42,38
38,33,42,38
38,33,42,39
37,33,42,38
37,34,42,39
37,34,42,38
37,35,42,39
37,36,41,39
37,36,41,40
37,36,41,41
38,35,41,41
37,35,40,40
37,35,40,40
37,36,40,40
37,37,41,39
37,36,41,39
37,36,41,39
37,36,40,40
36,36,40,40
36,36,40,39
36,36,40,39
36,36,40,39
36,36,40,38
36,36,40,38
36,35,40,39
36,36,39,40
37,35,39,40
37,35,39,41
37,35,39,42
37,34,38,42
37,34,39,42
36,34,38,42
36,34,38,42
36,33,38,41
35,33,38,41
36,33,38,42
36,32,38,42
36,32,38,42
36,32,39,42
35,32,38,42
35,32,38,42
35,32,38,42
35,32,38,43
35,32,38,42
36,32,38,42
36,32,37,42
36,32,37,41
36,32,37,42
36,32,37,42
37,32,36,44
37,32,36,45
37,32,36,44
37,32,37,44
37,32,38,44
37,33,38,44
37,33,37,44
36,35,37,45
36,36,37,45
36,37,36,45
36,38,36,44
36,38,36,44
36,38,36,44
36,39,36,45
36,41,36,45
35,42,36,46
36,41,36,46
36,42,36,47
36,41,36,48
35,41,35,48
35,41,35,48
35,42,35,48
35,43,35,47
35,45,36,48
35,47,37,50
35,49,38,50
34,49,39,50
34,48,40,50
34,49,40,50
34,49,40,49
34,50,40,50
35,51,40,49
34,52,39,49
34,51,40,50
34,50,42,52
34,50,43,53
34,50,44,54
34,49,44,54
34,49,44,54
34,49,45,54
34,48,46,53
34,48,47,53
34,47,49,53
34,47,49,53
33,47,50,53
34,47,51,53
34,48,51,53
34,49,51,53
33,49,50,52
33,49,50,52
33,49,50,53
33,50,50,54
33,50,49,56
33,50,50,57
34,50,51,58
33,50,50,59
34,50,50,59
34,49,50,59
34,49,51,59
34,49,52,58
34,49,52,58
34,50,52,58
33,50,52,57
33,50,53,56
33,50,53,56
33,50,52,55
34,50,52,55
33,50,52,54
33,51,51,55
33,52,51,55
34,53,52,55
34,54,53,56
34,55,53,56
34,55,53,56
34,55,53,56
35,56,53,56
35,56,53,56
36,56,53,56
36,56,53,56
37,56,54,55
37,55,54,55
37,55,55,54
37,55,56,53
36,55,56,53
36,55,56,53
36,55,56,53
36,56,55,52
36,57,55,52
36,58,54,52
35,59,54,52
35,59,54,52
35,59,53,53
35,60,54,54
35,60,53,55
35,60,52,56
35,59,53,56
35,60,53,55
35,60,54,55
36,61,54,54
36,61,54,54
36,61,54,53
35,61,54,53
35,61,54,53
35,61,54,52
35,61,53,52
35,61,54,51
35,61,53,51
34,60,53,52
35,60,52,52
35,60,52,52
35,60,52,53
35,59,51,53
35,59,51,52
35,59,50,52
35,59,50,51
36,60,50,51
36,59,50,50
37,59,50,50
37,61,50,50
37,62,50,49
37,64,50,48
36,65,51,48
37,66,51,48
37,65,51,48
37,65,50,48
37,64,50,48
37,64,50,48
37,63,50,47
39,63,50,47
39,62,50,49
40,62,49,51
41,61,49,54
41,61,49,55
41,61,48,56
41,61,48,55
41,62,48,56
42,64,47,57
43,65,47,57
42,65,47,57
42,65,46,56
42,64,46,56
41,64,46,57
41,64,46,58
41,64,45,57
41,64,45,57
41,63,45,57
41,63,44,58
41,63,44,60
42,63,45,60
42,62,45,61
43,62,46,62
44,62,47,63
44,61,48,64
44,62,48,64
43,63,50,64
43,65,51,63
43,68,51,64
44,69,51,63
44,69,50,63
44,71,50,62
44,72,51,61
43,72,52,61
43,73,52,60
43,74,53,60
42,74,53,59
43,75,52,60
43,75,52,61
43,75,53,63
42,76,54,64
42,74,55,65
43,74,55,65
43,73,56,66
42,72,56,65
42,72,56,65
42,72,56,65
42,73,56,65
42,72,55,65
41,71,55,65
42,71,54,64
42,70,56,64
42,71,57,63
42,71,59,63
41,72,60,62
41,71,61,62
42,71,61,62
43,72,60,63
43,72,60,63
43,71,59,64
43,71,58,64
43,71,58,64
43,72,58,64
43,72,57,64
42,72,57,63
42,72,57,63
42,70,57,62
42,70,57,62
42,70,57,61
41,72,57,61
42,75,57,60
42,76,56,59
41,77,56,59
41,77,55,59
41,77,55,59
40,76,55,59
40,75,54,59
40,75,54,59
40,75,55,59
40,76,55,59
40,77,55,59
40,76,56,59
40,77,57,58
40,78,57,58
40,79,57,57
41,80,57,57
42,80,57,57
42,80,56,56
42,80,56,56
42,81,56,55
42,81,56,55
43,81,56,55
44,81,56,54
44,80,56,53
45,79,56,53
46,79,56,53
46,79,55,54
45,79,55,55
45,79,54,55
45,78,54,56
44,78,53,56
44,79,54,56
44,80,53,57
45,81,52,57
45,82,52,57
46,81,51,57
46,82,51,56
46,82,51,56
47,82,51,55
48,82,51,55
49,82,51,55
49,82,51,54
50,81,50,53
51,82,50,53
52,84,50,53
53,88,50,53
53,91,49,53
53,91,49,54
53,91,49,55
53,92,48,54
53,93,49,54
53,95,48,54
53,97,48,54
53,97,48,53
53,98,48,52
52,97,47,52
52,96,47,53
52,96,47,56
52,96,46,57
51,96,46,58
51,96,46,59
50,95,45,59
50,94,45,61
50,93,45,62
51,92,44,63
51,91,44,64
51,92,44,65
51,93,43,66
51,94,43,66
51,94,43,65
51,93,43,65
50,93,43,64
50,92,44,64
50,92,44,64
50,90,44,64
50,91,44,64
49,91,43,64
49,90,43,63
49,90,42,62
49,90,42,62
50,90,42,62
50,89,42,63
51,90,43,64
51,90,42,66
51,91,42,66
51,92,42,66
51,95,41,65
51,96,42,64
50,97,42,64
50,97,43,65
50,97,43,66
50,96,43,67
50,96,43,69
49,97,42,69
49,96,42,69
49,96,42,68
49,95,41,68
49,94,41,67
49,93,41,66
49,93,41,66
49,93,40,66
49,95,40,66
49,96,40,67
49,96,40,68
49,97,39,68
49,98,39,69
49,99,39,68
49,100,39,68
48,102,39,68
48,102,39,68
47,101,40,69
47,100,40,69
47,100,39,69
46,100,39,68
46,101,39,68
45,101,39,67
45,101,39,67
45,100,39,67
44,100,39,67
44,99,39,68
44,99,38,68
44,99,39,68
43,98,39,68
43,99,38,69
43,98,38,68
44,98,38,68
44,98,39,67
44,97,38,67
44,98,39,67
43,99,40,67
44,98,40,67
44,98,40,65
44,98,40,65
43,99,40,66
44,99,40,67
43,99,40,67
43,99,41,66
42,99,41,66
42,99,40,66
42,98,40,66
42,98,40,67
42,97,40,69
42,97,40,71
42,97,39,71
41,98,39,70
41,98,39,70
41,98,39,69
40,97,41,69
40,98,42,71
40,99,43,72
40,100,43,72
39,102,43,74
39,103,42,78
40,102,42,82
41,101,42,85
42,101,42,88
43,100,42,88
44,100,41,91
46,98,41,93
47,99,41,94
49,101,41,92
50,102,41,92
51,102,41,91
51,102,41,92
51,102,41,95
51,103,40,98
51,105,40,101
51,105,40,102
50,104,39,103
50,104,39,102
49,103,39,101
49,102,40,100
49,104,40,99
48,108,41,98
48,112,41,98
48,112,41,98
48,111,40,99
48,112,40,100
48,113,40,101
48,114,40,102
47,115,40,102
47,114,40,102
47,114,40,101
46,113,40,100
46,112,41,99
45,111,41,98
45,111,42,97
44,110,42,96
44,109,43,95
44,108,43,95
44,109,43,95
44,108,43,94
43,108,43,94
43,108,43,94
43,107,42,94
43,105,42,94
43,105,42,94
42,106,42,95
42,106,43,95
42,105,43,95
42,104,43,94
42,103,42,93
42,103,43,93
42,103,43,92
42,103,44,91
42,102,45,90
41,101,45,89
41,100,45,89
41,99,44,89
40,99,43,89
40,100,44,89
41,99,43,89
42,99,42,89
42,99,42,90
42,99,42,90
42,99,42,90
42,99,42,90
41,99,42,89
41,100,41,88
42,101,41,87
42,100,41,87
42,100,40,86
42,100,40,86
43,99,40,85
44,98,40,84
44,98,39,84
45,97,39,83
46,96,39,83
46,95,40,82
46,94,40,81
46,94,41,81
46,93,42,81
46,93,42,80
47,94,42,80
47,94,42,79
48,93,43,78
48,93,43,77
49,92,44,76
49,91,44,76
48,91,44,75
48,90,44,76
48,89,44,77
48,88,44,77
48,87,43,77
48,87,43,77
48,86,44,76
48,87,45,76
47,87,45,76
48,87,46,75
48,86,48,75
49,86,48,76
49,84,48,76
50,84,47,76
51,84,47,75
51,84,47,76
51,84,47,76
51,83,48,79
51,83,48,80
51,82,51,81
51,82,53,80
52,81,53,80
52,80,54,79
51,80,54,78
51,79,54,78
51,78,53,77
51,77,53,77
50,77,53,77
50,77,53,78
49,77,52,79
50,77,52,79
50,77,52,79
49,78,52,79
49,78,51,78
48,78,50,77
48,77,51,76
48,77,51,76
48,78,52,75
48,80,54,74
48,82,54,74
48,83,54,73
48,84,54,72
47,83,53,73
47,83,53,74
48,83,53,76
48,82,52,76
48,82,52,77
49,82,51,77
49,82,51,78
50,82,51,78
50,84,52,78
49,86,51,79
49,86,51,78
49,85,50,78
48,85,50,78
48,84,49,78
47,83,49,77
47,83,49,76
46,82,49,77
46,81,49,76
46,80,49,75
45,79,48,75
45,79,48,75
45,78,48,75
45,78,47,75
44,77,47,75
44,77,47,75
44,76,47,76
45,76,47,77
45,77,47,78
45,79,47,79
45,80,46,79
44,80,46,79
44,81,46,79
44,81,46,78
44,82,46,78
43,82,46,77
43,82,46,77
43,81,46,77
42,80,47,76
42,80,47,76
42,79,47,75
42,79,47,74
42,79,47,74
42,79,46,73
42,78,46,73
43,78,46,74
43,77,45,74
43,77,45,75
43,76,45,76
43,76,44,75
43,76,44,76
44,76,46,75
45,76,47,75
45,75,47,74
45,74,47,73
45,74,47,72
45,74,47,72
46,74,46,72
47,74,46,72
47,75,46,73
48,75,46,73
48,74,47,73
48,74,46,73
49,73,46,74
49,73,45,74
50,72,45,74
50,72,45,75
50,71,45,76
49,70,44,76
49,69,44,76
50,69,43,76
50,69,43,76
50,68,43,75
50,69,43,75
50,69,43,75
50,69,42,74
50,68,42,74
49,68,43,73
49,67,44,73
48,67,44,73
48,66,44,72
49,66,44,73
49,66,43,73
49,65,43,73
49,66,42,74
49,67,42,74
49,67,42,74
48,67,42,75
48,67,41,75
49,67,41,75
49,67,41,76
49,66,41,76
49,65,41,76
49,65,41,75
49,64,41,74
48,63,41,74
48,63,41,74
48,62,41,73
47,62,41,73
47,61,41,73
47,61,41,73
46,61,41,73
46,61,40,74
46,61,40,74
46,61,40,75
45,62,40,75
45,62,40,75
45,62,39,75
45,62,39,75
45,61,39,74
45,61,39,75
46,61,39,76
46,61,38,76
46,60,38,75
47,60,38,75
47,59,38,75
47,59,38,77
47,58,38,78
47,58,38,79
47,57,38,79
47,57,37,79
46,56,37,79
46,55,37,80
46,55,37,81
46,54,36,82
45,54,36,82
46,54,36,82
46,54,35,82
47,53,35,81
48,52,35,81
48,52,35,81
48,52,34,81
47,52,35,80
47,52,36,80
47,53,36,80
47,54,36,79
47,54,36,79
47,53,36,79
47,53,35,79
48,54,36,79
48,54,35,80
49,54,35,80
50,53,35,81
51,53,34,82
52,53,34,83
53,53,34,83
53,52,34,82
52,52,34,82
52,51,34,81
52,51,35,81
51,51,35,80
51,51,35,80
51,51,35,79
50,51,35,79
50,50,35,78
50,50,36,78
50,50,35,78
50,50,35,78
50,51,35,78
50,50,35,78
51,50,35,79
50,50,34,80
51,49,34,80
50,50,34,80
50,50,34,80
50,50,34,79
49,51,34,79
49,51,34,78
49,50,35,77
48,51,35,76
48,51,35,76
48,50,34,75
48,50,34,75
49,50,34,75
48,50,34,75
48,50,34,75
47,49,33,76
47,49,33,76
47,49,33,77
47,51,33,77
47,54,33,77
46,57,33,77
46,59,33,77
45,59,33,77
46,59,33,76
46,60,33,76
47,61,33,75
46,62,34,74
46,61,34,74
46,62,34,74
45,62,34,73
45,62,35,73
45,62,36,72
45,61,36,72
45,61,36,72
45,60,36,72
45,60,36,73
46,61,36,73
46,61,36,74
46,61,36,74
46,61,35,74
47,62,35,75
47,62,35,75
46,63,35,73
47,63,35,73
47,62,36,72
47,62,36,72
47,61,36,71
46,62,36,70
46,62,36,69
45,62,35,69
45,62,35,68
45,61,35,68
45,60,34,69
46,59,34,69
46,59,34,70
47,60,35,71
48,61,35,72
48,61,35,71
48,62,35,71
48,62,35,71
48,63,35,71
48,63,35,71
47,64,35,70
47,65,35,69
47,68,35,69
46,69,36,68
46,68,36,67
46,68,35,67
46,68,35,66
46,68,35,66
46,69,35,66
46,71,35,67
45,70,36,66
46,69,36,67
45,69,36,67
45,69,36,67
45,68,36,67
44,68,36,67
43,67,36,67
43,67,36,68
43,67,36,68
43,67,36,67
43,69,36,67
42,72,36,66
43,75,36,66
42,77,35,66
42,77,35,66
42,76,35,66
42,76,35,66
42,77,35,66
41,78,35,65
41,78,35,66
42,78,35,67
42,77,34,67
42,77,34,68
42,76,34,68
42,76,34,69
42,76,34,69
41,76,35,69
41,76,35,69
41,75,35,69
40,75,35,69
40,74,36,68
40,73,36,68
40,73,36,68
40,72,36,67
39,72,37,67
39,72,37,67
39,72,36,66
39,71,37,66
39,71,36,67
41,70,36,67
41,70,36,67
42,69,35,67
43,69,35,66
43,69,35,66
43,69,35,65
43,68,36,64
43,69,36,64
43,69,36,64
43,69,36,63
43,69,36,63
44,68,36,63
44,68,36,63
44,68,36,62
43,69,36,63
43,70,36,62
43,71,35,62
43,70,35,61
44,71,35,62
44,73,35,63
46,77,34,64
47,82,34,65
48,87,34,66
49,90,34,67
49,90,34,67
48,91,34,67
48,92,35,66
48,96,35,66
48,97,36,65
48,96,36,64
47,97,36,64
48,98,36,64
48,99,35,63
48,99,35,64
48,99,35,64
49,99,35,63
48,104,35,63
48,110,35,63
48,113,35,62
48,113,34,62
48,113,34,63
48,112,34,64
49,112,34,65
49,112,34,65
49,112,34,64
48,112,34,64
48,111,34,63
48,111,34,63
47,111,35,62
47,111,36,62
47,111,36,61
46,112,36,61
46,112,36,61
45,110,36,61
45,109,36,61
45,108,36,60
45,107,35,60
46,106,35,60
46,105,35,59
47,105,35,59
47,104,35,58
47,103,35,58
47,101,34,59
47,101,34,59
47,100,35,59
47,100,35,58
47,100,35,58
46,99,35,57
46,99,36,56
46,98,36,56
46,97,36,56
45,96,37,56
45,95,37,57
45,94,37,58
44,94,37,58
45,94,37,59
46,96,37,58
47,96,36,57
48,96,36,57
48,96,36,57
49,98,36,56
49,99,36,56
49,99,37,55
48,100,37,55
48,102,38,57
48,103,38,59
49,104,38,61
49,106,37,62
49,106,37,62
49,105,37,63
49,105,37,63
48,107,37,63
48,110,37,64
48,111,36,64
47,110,36,64
47,111,36,65
46,111,36,65
46,110,36,65
46,109,37,64
45,110,37,63
45,109,37,63
45,108,37,63
45,107,36,63
44,105,36,62
44,105,37,61
43,103,36,61
43,102,36,60
43,101,37,60
43,100,36,60
43,99,36,60
43,98,36,59
44,97,36,58
44,97,35,59
44,97,35,59
44,96,35,59
44,96,35,59
43,95,35,59
43,95,35,59
43,94,35,58
43,93,36,58
43,93,36,57
43,94,36,56
43,95,36,56
43,96,36,56
42,97,36,55
42,96,36,55
42,97,36,55
43,99,36,55
43,101,36,56
43,101,36,56
44,101,36,56
45,102,36,56
45,102,35,57
46,102,35,57
46,102,35,58
46,103,35,58
47,103,35,58
46,104,35,57
46,104,36,56
46,104,37,55
45,105,37,55
45,105,37,55
45,104,37,54
45,103,36,54
45,102,36,54
45,101,37,53
45,101,37,53
45,100,38,52
45,98,38,52
44,98,38,52
44,98,38,52
44,98,38,52
44,98,38,53
44,96,38,53
44,96,38,53
44,95,37,53
43,95,38,53
44,96,38,53
45,96,38,53
45,95,38,53
46,94,39,52
46,94,39,51
46,93,39,51
46,95,39,51
47,96,39,51
47,98,39,51
47,99,39,52
47,99,38,52
46,99,38,52
46,98,38,52
46,97,38,53
46,97,38,54
46,95,37,54
45,94,37,55
45,93,38,56
45,93,38,57
45,92,37,58
44,92,37,58
44,92,37,57
45,91,37,57
45,90,37,56
45,90,36,56
46,89,37,55
46,89,36,55
47,90,36,54
47,91,36,54
47,91,36,53
48,90,37,53
48,89,37,53
48,88,36,54
49,87,36,54
49,86,36,54
49,87,35,54
49,88,36,54
48,87,36,53
48,87,36,53
47,86,36,53
47,86,36,53
47,87,37,53
47,86,38,53
47,86,38,52
47,86,38,52
47,86,38,53
47,86,38,53
47,86,37,53
48,85,37,53
48,84,37,53
49,83,37,54
49,82,36,55
49,81,36,55
49,81,36,55
49,80,36,54
48,80,36,54
48,80,36,54
48,79,36,54
48,78,36,53
47,78,36,53
47,78,35,52
47,77,35,52
47,77,35,51
47,78,35,51
47,79,35,51
47,79,35,51
47,82,35,51
47,84,35,51
47,84,35,52
48,84,34,52
48,83,35,51
48,84,35,51
47,85,35,51
47,87,35,52
47,89,34,52
46,90,34,52
46,91,34,52
46,90,35,51
46,89,35,51
45,89,35,50
45,89,35,51
45,90,35,50
45,90,35,50
45,91,34,49
45,91,34,49
44,93,34,49
44,94,34,49
44,94,34,49
44,93,35,49
44,93,35,48
43,94,36,48
43,96,36,47
43,95,37,47
44,96,38,47
44,96,38,46
44,95,39,46
44,95,40,46
44,93,40,46
43,93,41,46
44,92,41,46
43,92,41,46
44,90,42,45
43,90,42,45
43,89,42,45
43,88,42,45
43,88,41,45
44,87,41,45
45,86,41,45
46,85,40,45
47,86,41,46
47,85,40,46
48,84,40,46
48,84,40,46
49,83,40,46
49,82,40,46
50,82,39,45
50,85,39,46
50,87,39,46
50,88,39,47
50,87,39,47
49,87,38,47
48,88,38,47
48,90,38,46
48,91,38,46
48,91,38,46
48,91,38,47
48,90,38,48
49,89,38,49
48,88,37,50
48,87,37,51
48,86,37,52
48,85,37,53
47,85,37,52
47,84,38,52
46,83,39,51
46,83,40,51
46,83,40,50
45,83,40,51
45,83,39,51
45,83,39,52
45,82,39,52
45,82,39,52
44,81,39,53
44,80,39,54
44,79,39,56
44,79,39,58
44,78,39,59
43,78,38,59
43,78,38,59
43,78,38,58
42,78,37,58
42,77,37,57
42,76,38,56
42,76,38,56
42,76,39,56
41,75,39,55
41,74,38,55
41,74,38,54
41,75,39,54
41,75,39,54
41,76,39,53
42,78,38,53
42,79,38,53
43,79,38,52
43,79,37,53
43,80,37,53
43,80,37,54
43,80,37,56
43,83,37,56
43,84,37,56
43,84,36,55
43,85,37,55
43,87,37,56
43,90,37,56
43,91,37,56
43,91,37,57
43,90,37,57
43,92,38,58
43,94,38,59
44,94,37,60
44,93,37,60
44,92,37,60
44,92,37,61
46,91,37,61
46,90,36,62
46,89,36,62
46,89,36,62
47,87,36,62
47,87,36,61
47,89,36,61
47,90,36,60
47,90,37,59
47,90,36,59
47,89,36,58
47,88,36,58
46,88,36,57
47,88,36,57
47,87,35,56
47,88,35,57
46,89,35,58
46,89,35,58
46,90,35,59
46,90,34,58
46,89,34,59
47,89,34,61
48,89,34,62
48,89,34,63
49,89,34,63
49,89,35,62
50,91,35,62
50,91,36,61
50,90,36,60
50,91,35,60
50,93,35,61
49,94,35,61
49,96,36,62
49,96,35,63
49,95,35,63
48,94,35,63
48,95,35,64
47,97,35,64
47,100,35,64
47,101,35,65
47,102,35,66
46,105,35,66
46,106,34,67
46,107,34,67
47,107,34,67
47,107,34,67
48,106,34,67
47,106,34,67
48,106,34,67
47,106,35,67
46,106,35,67
46,106,35,67
46,104,35,66
45,104,35,66
45,103,34,66
45,102,34,68
46,104,34,68
46,106,34,68
45,105,34,68
46,105,34,67
45,105,33,67
46,103,33,66
46,102,34,65
46,102,33,65
46,103,33,66
45,102,33,66
45,101,32,66
45,100,33,65
45,99,33,65
45,98,33,65
46,98,33,66
45,97,33,66
45,97,33,67
46,96,33,67
47,96,33,68
49,95,33,68
49,95,33,69
49,95,33,68
49,95,33,68
49,96,32,68
49,96,33,67
50,97,33,66
50,98,33,66
51,99,32,65
52,99,32,65
52,98,32,64
52,98,32,64
52,98,32,64
53,98,32,64
53,97,32,64
52,96,32,64
53,96,33,64
54,95,33,64
54,94,33,64
55,94,32,65
54,94,32,65
54,94,32,65
54,93,32,66
54,95,32,65
55,98,32,64
56,102,32,64
56,104,32,63
56,103,33,64
56,103,34,63
56,103,34,64
56,104,35,64
57,107,35,65
57,109,34,67
58,110,34,67
58,109,34,67
58,109,35,67
57,109,35,67
57,109,35,67
56,110,35,67
56,111,36,66
55,111,35,66
55,111,35,66
55,111,36,67
54,114,36,68
54,115,35,68
54,115,35,69
54,114,35,69
54,113,35,69
54,112,34,69
53,111,34,68
53,111,34,67
52,110,34,67
52,110,34,66
52,111,33,66
51,113,33,67
52,115,34,68
53,116,34,68
54,116,35,67
53,115,35,68
53,116,36,69
55,116,36,70
56,118,36,70
56,120,35,70
57,122,35,69
58,122,35,69
57,120,36,68
58,119,36,68
60,120,37,69
62,120,37,70
65,119,36,71
65,119,36,71
66,118,36,71
67,117,36,71
69,117,36,72
72,117,36,73
73,119,36,74
73,121,36,77
73,121,36,79
72,120,37,80
72,120,38,81
72,121,40,80
73,121,41,79
72,122,40,79
71,123,41,79
71,124,43,78
71,124,43,78
70,125,44,78
71,125,43,77
70,125,43,78
71,124,43,78
71,125,42,80
72,124,42,79
73,125,42,78
73,126,41,78
74,129,41,77
74,132,42,78
74,134,42,79
75,133,43,81
76,135,42,84
76,139,42,86
75,142,42,87
74,145,43,87
73,147,43,86
73,146,44,85
72,146,43,86
72,144,43,86
71,143,42,87
71,143,42,89
72,144,42,90
74,146,42,92
76,148,43,93
78,148,44,93
80,148,45,92
81,148,45,92
82,148,44,92
81,148,44,92
80,147,44,94
80,147,45,97
79,151,45,99
78,153,47,100
78,155,49,100
80,156,49,100
82,156,49,100
82,158,48,101
83,161,48,102
87,164,48,103
93,164,47,104
96,166,47,105
98,171,47,107
98,176,48,108
99,176,48,109
99,177,48,108
99,178,48,107
99,178,48,106
98,176,48,106
98,178,48,106
99,182,48,107
98,186,48,109
98,188,49,109
99,188,50,110
101,187,50,111
101,188,50,112
101,194,50,112
100,197,50,112
102,196,49,112
105,194,49,113
108,192,49,114
111,194,51,117
112,196,52,120
114,197,52,120
115,198,51,120
116,200,51,120
115,200,51,118
114,197,52,117
112,197,51,116
112,198,51,115
112,197,52,116
113,196,52,116
113,195,52,116
113,193,53,116
115,193,53,116
117,192,53,118
118,189,52,119
118,187,52,118
118,186,51,117
117,184,51,118
115,182,52,118
114,181,51,117
113,179,51,120
112,178,51,123
111,178,50,127
110,175,50,130
110,174,50,132
110,176,49,134
110,175,50,136
109,174,49,136
108,173,49,137
108,173,49,138
107,176,48,141
107,180,48,144
108,181,48,146
109,181,48,148
108,179,48,148
108,177,47,149
108,175,47,150
107,177,47,150
108,177,46,149
111,179,46,148
114,181,46,146
116,184,46,144
117,185,46,143
120,185,45,143
121,184,45,143
122,183,46,144
123,185,45,146
123,188,46,148
122,188,48,149
121,186,50,149
122,185,51,149
122,186,51,150
121,189,51,151
121,189,51,153
122,188,50,156
124,190,50,159
128,191,50,158
128,189,51,156
128,188,50,155
128,188,50,156
127,187,50,156
126,189,50,157
126,189,50,157
127,187,50,157
128,185,51,156
128,183,52,154
127,183,52,152
126,183,52,150
125,184,52,150
124,184,52,152
123,182,52,150
122,182,51,149
125,186,50,149
127,185,51,147
128,185,51,148
127,185,51,150
128,187,52,153
128,187,51,155
130,189,51,154
132,191,50,152
131,191,50,150
134,190,50,149
137,190,49,147
140,189,50,148
142,192,51,147
142,192,50,146
143,195,50,144
143,201,52,143
143,201,53,141
144,200,53,140
144,198,54,138
144,195,54,137
144,193,53,136
145,191,53,136
144,189,53,135
142,190,54,136
141,190,54,137
141,189,55,139
140,189,56,139
140,192,56,140
140,196,55,142
140,196,55,141
139,193,57,140
138,191,57,140
137,190,58,140
135,188,58,142
135,187,58,145
134,186,57,146
134,186,57,144
135,184,56,144
135,182,56,144
134,181,56,144
133,180,57,145
132,181,57,145
132,181,58,144
131,179,57,144
130,177,57,150
129,176,58,160
128,174,59,168
127,174,59,170
125,173,59,170
124,172,59,175
124,170,59,185
123,169,58,194
122,168,58,201
121,167,58,204
120,167,59,203
120,166,60,202
120,164,61,203
120,166,61,204
119,169,61,205
119,172,61,205
119,174,61,205
118,173,61,205
117,174,61,204
117,178,62,204
118,179,61,202
118,177,61,200
117,174,63,198
119,174,63,198
120,176,64,200
120,178,64,201
120,178,64,199
121,177,64,198
121,178,63,201
120,176,62,204
118,175,62,206
118,173,61,207
117,172,61,206
116,170,61,206
116,169,60,206
116,168,60,204
115,167,59,206
115,165,59,210
113,163,59,216
112,161,59,222
112,159,58,221
112,158,58,223
113,156,57,227
114,154,57,229
114,153,56,227
114,152,56,228
114,151,56,229
114,149,55,229
114,148,55,228
115,147,54,232
115,146,54,233
114,145,53,230
114,144,53,228
113,147,53,226
112,147,52,224
112,145,52,226
112,144,51,231
111,144,50,233
110,143,50,232
109,141,50,235
108,141,50,241
106,140,51,247
105,139,50,249
106,137,49,247
107,137,49,244
108,137,49,241
109,137,49,238
109,138,49,235
109,137,48,231
109,138,48,230
108,138,47,230
108,138,47,228
108,138,47,226
109,138,47,224
109,137,46,221
109,137,46,220
110,138,45,220
110,140,45,217
111,141,44,216
111,140,44,215
110,138,44,215
109,136,44,217
109,134,43,218
110,133,43,215
110,132,43,214
110,132,43,214
110,132,42,214
109,132,42,213
108,130,42,212
107,129,42,211
106,128,41,210
105,129,41,208
104,130,40,207
104,131,41,205
104,130,41,204
104,128,41,202
105,126,41,200
105,125,41,198
105,125,41,196
105,125,41,194
105,125,43,191
105,126,42,190
105,128,42,189
104,127,42,187
103,128,43,185
102,128,44,184
102,127,44,183
102,127,45,183
101,125,44,180
102,127,44,179
103,128,44,181
103,127,44,183
104,129,43,186
104,131,43,187
105,130,43,187
106,128,43,187
105,130,43,187
104,132,43,186
103,133,44,184
102,134,44,183
101,139,45,183
100,143,45,181
99,143,46,180
98,142,46,178
98,143,45,177
98,143,45,176
98,142,45,174
99,141,45,174
101,140,44,173
102,138,44,172
104,137,44,171
105,135,43,171
106,134,43,171
107,133,42,170
108,134,42,170
108,135,42,169
108,136,42,168
107,135,42,166
105,133,41,164
104,133,41,162
104,133,41,160
103,131,42,158
102,130,43,157
102,129,42,157
102,127,42,157
102,127,41,156
101,126,42,155
100,125,41,156
100,123,41,160
101,122,41,163
101,123,40,164
101,121,40,164
103,120,40,162
104,119,40,160
104,117,40,158
103,116,40,157
102,117,40,157
102,117,40,156
102,116,40,157
101,114,41,159
100,114,41,159
100,113,41,158
99,113,40,161
99,112,40,166
99,112,40,168
98,111,40,170
98,110,40,172
97,108,39,174
96,108,39,173
96,109,39,173
96,107,38,173
97,106,38,176
97,105,38,178
97,104,38,178
96,104,38,176
96,104,38,174
95,104,38,175
94,105,38,177
93,104,37,176
93,103,37,174
92,102,37,174
92,102,37,175
93,101,37,174
94,101,37,173
96,99,36,174
98,99,36,177
99,99,35,179
100,98,36,180
101,98,35,180
101,97,35,178
101,97,35,177
101,98,35,177
100,99,36,176
100,99,36,176
99,98,36,176
99,97,36,175
98,96,35,175
97,96,35,174
97,95,35,175
96,95,35,176
95,96,34,175
94,95,35,174
93,94,34,172
92,94,34,170
92,95,34,168
91,95,33,168
90,94,34,167
89,95,34,165
88,95,34,164
88,94,34,162
87,94,34,161
87,93,34,160
87,92,35,159
88,92,35,158
88,91,35,156
88,92,35,154
87,94,36,153
88,94,35,152
89,93,35,150
90,92,35,148
91,92,35,146
93,92,35,144
93,91,34,143
94,90,34,142
93,89,34,141
93,89,34,141
93,91,34,140
93,92,33,139
92,92,33,138
91,92,34,137
90,92,34,138
90,93,34,141
88,93,35,144
88,92,35,146
88,91,35,145
88,91,35,144
88,91,35,143
88,90,35,142
87,90,34,140
88,89,34,139
87,88,34,138
86,87,34,137
86,86,34,135
85,87,34,134
84,86,33,133
84,85,34,132
83,85,32,131
82,84,33,129
81,83,32,128
81,83,32,127
80,82,32,126
80,82,32,125
80,82,32,125
80,81,33,125
81,80,32,126
82,79,32,125
83,78,32,124
83,78,32,123
84,77,32,123
84,78,32,121
84,79,32,122
83,80,32,122
82,81,32,124
82,81,33,125
81,81,34,124
80,81,34,123
80,80,34,122
79,79,34,120
78,79,33,119
78,79,33,119
78,81,33,118
78,82,33,118
78,83,32,119
77,83,32,119
77,84,32,120
77,86,32,120
76,88,32,119
75,88,32,119
74,87,31,118
74,87,31,118
73,86,31,117
72,86,31,117
72,86,32,115
71,87,33,114
71,88,33,113
71,90,34,112
72,90,34,111
72,90,34,110
72,89,34,109
72,89,34,108
71,90,34,107
71,90,33,106
71,90,34,106
71,90,34,107
71,90,34,107
70,91,33,108
70,93,33,107
69,94,33,106
69,95,34,105
68,97,35,104
67,98,35,103
68,98,34,103
68,98,34,102
68,97,34,101
69,96,34,100
69,95,35,100
70,94,35,99
70,93,35,98
70,93,35,98
70,93,35,99
71,92,35,99
71,93,34,99
71,92,34,100
71,92,34,101
72,91,34,102
71,91,34,102
71,92,35,101
70,93,35,102
70,94,35,101
69,95,35,101
69,95,35,100
68,95,35,99
67,94,35,99
67,93,35,98
67,93,36,97
66,93,35,97
66,92,36,97
66,92,35,99
66,90,35,100
65,89,35,100
65,88,34,101
65,88,34,102
65,87,34,102
64,86,33,101
64,86,33,101
64,85,33,99
64,84,33,98
64,83,33,97
64,82,33,97
64,82,33,97
63,82,33,97
63,82,32,97
63,81,32,98
63,81,32,97
63,81,32,97
63,80,32,95
63,79,32,96
63,79,32,96
64,79,31,97
63,80,31,98
63,80,31,97
63,80,31,98
63,80,31,96
63,81,30,95
63,81,30,94
63,81,30,94
63,80,31,93
62,79,32,92
62,78,32,92
62,78,32,91
62,77,32,90
61,76,32,88
62,75,32,88
62,75,32,87
63,74,31,86
63,73,31,85
63,73,31,85
64,72,31,85
64,72,31,84
65,71,31,83
65,70,30,83
65,69,30,82
65,69,30,81
64,68,30,81
64,68,30,82
63,69,30,82
63,69,30,81
62,69,30,81
61,69,30,80
61,68,31,79
60,69,30,78
60,68,30,77
61,68,30,76
61,68,30,76
62,68,30,75
63,67,30,76
64,66,30,76
64,66,29,76
64,65,29,75
65,65,29,75
64,65,29,74
64,65,29,75
63,65,29,78
63,65,29,81
62,66,29,83
62,66,29,83
62,65,29,83
61,65,29,84
62,64,29,85
61,64,30,85
61,64,29,85
62,63,29,84
62,62,29,83
62,62,29,83
62,61,28,85
63,61,28,86
63,61,28,85
63,61,28,84
63,60,28,83
63,60,28,82
63,60,28,82
62,60,27,82
62,62,28,81
61,63,28,81
60,63,27,81
60,62,28,80
60,62,28,80
60,62,28,79
60,61,28,78
59,61,27,77
58,61,27,76
58,60,27,76
58,61,27,75
58,61,27,74
59,61,27,73
60,60,27,73
60,60,27,72
61,60,27,72
60,60,26,72
60,59,26,71
60,58,26,70
59,58,26,70
59,58,26,69
58,58,26,68
58,59,26,68
58,59,26,67
57,60,26,67
57,60,26,66
57,59,26,65
57,58,26,65
57,58,26,64
57,57,26,64
57,57,26,63
57,57,25,64
56,56,25,63
56,56,25,63
56,55,25,63
55,55,25,62
55,55,25,62
55,55,25,62
55,55,25,62
54,55,25,61
54,55,25,60
54,55,25,60
53,55,25,59
53,54,25,59
53,54,25,58
52,55,24,58
52,54,25,57
52,54,25,57
51,54,24,56
52,53,24,56
53,53,24,56
53,53,24,56
54,52,24,56
55,52,24,55
54,51,24,55
54,51,24,54
54,51,24,54
53,50,24,55
53,50,24,56
52,50,24,56
52,50,24,56
51,50,24,56
51,50,24,55
51,50,24,55
51,49,24,55
51,49,24,55
51,49,24,55
51,48,24,54
51,48,23,54
51,47,23,53
51,47,23,53
51,46,23,53
51,46,23,54
51,45,23,53
50,45,23,53
50,45,23,52
50,45,24,52
49,45,23,52
49,45,23,51
48,45,23,51
48,45,23,51
48,45,23,51
48,44,23,50
48,44,23,51
48,44,23,51
49,44,23,52
49,43,23,53
50,43,23,53
50,43,23,53
51,42,23,53
51,42,22,53
52,41,23,52
51,41,23,51
51,41,22,51
51,41,23,51
50,42,23,51
50,42,23,51
50,42,23,51
50,42,23,51
49,42,23,50
49,42,23,50
49,41,23,51
49,41,23,51
48,41,23,51
49,41,23,51
49,40,23,51
50,40,22,52
50,40,23,52
50,39,22,51
50,39,22,51
50,38,22,51
50,38,22,50
49,38,22,50
49,38,22,50
49,38,22,49
49,38,22,49
50,38,22,48
50,38,22,48
51,39,22,48
50,38,22,48
51,38,22,48
51,38,22,47
50,37,22,47
50,37,22,46
51,37,22,46
52,37,22,46
53,37,22,46
54,37,22,46
56,37,22,46
56,37,21,45
57,37,22,45
56,37,21,45
56,37,21,44
55,37,21,44
55,37,22,44
54,38,21,44
54,37,22,43
54,37,21,43
53,37,21,42
53,37,21,42
53,37,21,42
52,37,21,41
53,36,21,41
53,36,21,41
54,36,21,41
54,36,21,40
55,35,21,40
54,35,21,40
54,35,20,40
54,35,20,39
54,34,21,39
53,34,20,39
53,34,21,39
52,33,20,38
52,33,20,38
51,33,20,38
51,32,20,38
51,32,20,37
50,32,20,37
50,32,20,37
50,33,20,36
50,33,20,36
51,32,20,36
51,32,20,36
51,32,20,36
52,32,20,35
52,31,20,35
52,31,20,35
51,31,19,34
51,31,20,35
51,31,20,34
51,31,20,34
51,32,20,34
51,32,20,33
51,33,20,33
51,33,20,33
51,33,20,33
50,33,20,33
50,33,19,32
50,33,19,32
49,33,19,32
49,32,19,32
49,32,19,32
49,32,19,32
50,33,19,31
50,33,19,32
50,33,19,31
50,33,19,31
51,33,19,31
50,33,19,31
50,32,19,30
49,32,19,30
49,32,19,31
48,31,19,30
48,31,19,30
47,31,19,30
47,31,19,30
47,30,19,29
46,30,19,29
46,30,19,29
46,30,19,29
46,30,18,28
46,29,19,28
46,29,18,28
47,29,19,28
46,29,19,28
46,29,19,28
46,29,18,28
45,28,18,27
45,28,18,28
45,28,19,27
44,28,19,27
43,28,18,27
44,27,18,27
44,27,18,26
44,27,18,26
44,27,18,26
44,27,18,26
44,26,18,26
45,26,18,26
45,26,18,26
46,26,18,26
46,26,18,26
46,26,18,26
45,26,18,26
45,26,18,26
45,26,18,26
45,26,18,26
44,26,18,26
45,26,18,26
44,26,18,26
44,26,18,26
44,26,18,27
43,25,18,28
43,25,18,29
43,25,18,30
42,24,18,32
43,24,18,32
44,24,18,32
44,25,18,33
45,25,18,34
45,25,18,36
45,25,18,36
45,24,17,37
44,24,17,36
44,24,18,36
44,24,18,36
44,24,18,36
43,24,18,35
43,24,18,35
43,24,18,35
43,23,18,35
42,23,18,34
42,23,18,34
42,23,18,34
41,23,18,34
41,22,18,33
41,23,18,33
41,23,18,32
41,23,18,33
41,24,18,33
42,24,18,32
42,23,18,32
42,23,18,32
42,24,18,32
42,24,18,32
42,25,18,32
41,25,18,31
41,25,18,31
41,25,18,31
41,25,18,31
41,26,18,30
40,26,18,31
40,26,18,30
40,26,18,30
40,26,18,30
39,25,18,29
39,26,17,30
39,25,18,29
38,26,17,29
38,26,17,29
38,26,18,29
38,26,18,29
38,25,18,29
38,25,17,28
37,25,17,28
38,25,18,28
37,24,17,28
38,24,17,27
38,24,18,27
37,24,17,28
37,24,18,27
37,23,17,27
37,24,17,27
37,23,18,26
37,23,17,27
37,23,17,27
38,23,17,27
38,24,17,27
39,24,17,28
39,24,17,28
39,24,18,27
39,24,17,27
39,23,17,27
39,23,17,27
38,23,17,27
38,23,17,27
38,23,17,26
37,23,17,26
37,23,17,26
37,23,17,26
37,23,17,26
37,23,17,26
37,23,17,26
38,23,17,26
38,23,17,26
39,23,17,26
39,23,17,26
40,23,17,26
40,23,17,25
39,24,17,26
39,23,17,25
39,24,17,25
38,23,17,26
38,24,17,25
38,24,17,25
37,25,17,25
37,25,17,25
38,25,17,25
38,26,17,25
39,26,17,25
39,27,17,25
39,28,17,25
39,28,17,26
39,28,17,27
39,29,17,28
38,29,17,27
38,28,17,27
38,28,17,27
38,28,17,27
37,28,17,28
38,28,17,28
37,27,17,28
37,28,17,27
37,28,17,27
36,29,17,27
36,28,17,28
36,28,17,29
36,28,17,28
36,28,17,28
36,28,17,29
36,27,17,28
36,27,17,28
36,27,17,28
36,27,17,28
36,27,17,28
37,27,17,28
36,27,17,28
36,27,17,28
36,26,17,29
36,26,17,30
35,26,17,30
35,26,17,31
35,26,17,30
34,26,17,31
35,26,17,30
35,27,17,30
35,27,17,30
35,27,17,30
35,27,17,29
35,27,17,29
35,27,16,29
35,27,16,30
36,27,17,29
36,27,16,29
36,27,16,29
36,27,17,29
36,27,17,30
35,27,16,31
35,27,17,33
35,27,17,35
35,26,17,37
34,26,16,38
34,26,17,37
34,26,17,37
34,25,17,37
34,25,17,36
33,25,17,36
33,25,16,36
33,25,16,36
34,24,17,36
33,25,16,37
34,25,16,38
34,26,17,39
34,25,17,38
34,26,16,39
34,26,17,38
33,25,17,38
33,25,17,38
33,25,16,37
33,25,17,38
33,25,17,38
32,24,17,39
32,25,17,39
33,24,17,39
33,24,17,40
32,24,17,41
32,24,17,41
32,24,17,42
32,24,17,42
32,24,17,41
32,24,17,41
31,24,17,41
32,24,17,41
32,24,17,41
33,25,17,41
34,24,17,41
35,24,17,41
35,24,17,41
35,24,17,40
35,24,17,40
35,23,17,39
35,23,18,39
34,23,18,39
35,22,18,39
34,22,18,38
35,22,18,38
34,23,17,38
34,23,18,38
35,23,18,37
35,24,18,37
36,25,17,37
36,25,17,37
37,26,18,37
37,26,17,37
37,25,17,36
37,26,17,36
37,25,18,36
37,25,18,36
37,25,18,36
36,25,18,36
36,25,18,36
36,25,18,35
36,26,18,35
36,26,18,35
35,26,18,35
35,26,18,35
35,26,18,34
34,27,18,34
35,26,18,34
35,26,18,34
35,26,18,33
35,26,18,33
36,26,18,33
36,26,18,33
36,26,18,33
35,25,18,33
35,25,18,33
35,25,18,33
35,25,18,33
35,25,18,33
36,25,18,33
36,25,18,32
36,25,18,32
36,25,18,32
37,25,18,32
37,25,18,31
38,26,18,31
38,26,18,31
39,26,18,31
39,27,18,30
39,27,18,30
39,27,18,30
38,26,18,30
38,26,18,30
38,26,18,30
38,26,18,30
37,26,18,30
37,26,18,30
37,26,18,30
37,26,18,30
36,26,18,30
36,25,18,30
36,25,18,31
36,25,18,30
36,26,18,30
36,27,18,30
35,27,18,31
35,28,18,30
35,28,18,30
36,27,18,30
36,27,18,29
36,27,18,29
36,27,17,30
36,27,18,30
36,26,18,30
36,26,18,30
35,26,18,31
36,26,18,31
36,26,18,30
37,25,18,30
37,25,18,30
37,25,18,30
37,25,17,29
38,25,18,29
38,24,17,29
38,24,17,30
39,24,18,30
40,24,18,30
39,25,17,30
39,26,17,30
39,27,17,30
39,26,17,30
39,27,18,30
39,27,18,29
38,27,18,30
38,27,18,30
38,27,18,30
37,27,17,30
37,26,18,29
37,26,18,29
37,25,17,29
37,26,18,29
37,26,18,29
37,26,17,28
37,26,17,29
37,27,17,28
37,27,17,28
36,28,18,28
36,27,17,28
36,27,17,28
36,27,18,28
36,27,17,28
36,27,17,29
36,26,18,30
36,26,18,30
37,26,18,31
37,26,17,31
37,26,18,30
37,25,18,31
37,25,18,31
37,24,17,31
37,25,17,31
38,25,18,31
38,26,17,31
38,26,17,30
38,27,17,31
38,27,18,30
38,27,17,31
38,27,17,30
37,27,17,30
37,27,17,30
37,27,17,30
36,27,18,30
37,27,18,30
36,27,18,30
37,27,18,30
37,27,18,30
37,27,18,30
37,26,18,30
37,27,18,30
37,27,18,29
36,27,18,29
36,28,18,29
36,28,18,29
37,28,17,28
37,28,18,29
36,28,17,29
36,28,18,29
35,27,18,29
35,27,18,30
35,27,18,29
35,26,18,29
34,27,18,29
34,27,18,30
34,27,18,30
34,26,18,31
34,26,18,31
34,26,18,31
33,26,18,30
33,26,18,30
33,26,18,30
33,26,18,30
33,26,18,30
34,26,18,29
34,26,18,29
35,26,18,29
35,26,18,29
34,25,18,30
35,26,18,31
34,25,18,30
34,25,18,31
34,25,18,31
34,25,18,31
33,25,18,31
33,25,18,31
33,24,18,31
33,24,18,31
33,25,18,31
34,26,18,31
35,27,18,30
35,28,18,30
35,28,18,30
35,29,18,30
35,30,18,30
35,30,18,30
35,30,18,30
35,30,18,31
35,30,18,31
35,30,18,32
35,30,19,32
35,29,19,32
34,29,19,33
34,29,19,33
34,29,19,34
34,29,19,33
33,29,19,34
34,28,19,34
33,29,19,34
33,29,19,33
33,29,19,33
33,29,19,33
33,30,19,32
32,30,19,33
32,30,19,33
32,29,19,33
33,29,19,34
32,29,19,35
32,28,19,34
32,28,19,34
32,28,19,34
32,28,19,35
32,28,19,35
32,27,19,35
32,27,19,36
31,27,19,35
31,27,19,36
31,28,19,36
31,28,19,35
31,28,19,35
31,28,19,35
31,29,19,35
31,28,19,36
31,28,19,37
31,28,19,38
31,28,19,40
32,28,19,40
32,27,19,41
32,28,19,42
32,27,19,42
32,27,19,43
32,27,20,43
32,27,19,45
32,27,20,46
31,27,20,47
32,27,20,46
32,27,19,46
33,27,19,46
34,27,20,47
34,27,19,46
34,27,19,46
34,27,19,45
34,27,19,45
34,27,19,46
35,27,20,46
35,27,20,47
35,27,21,47
36,27,21,48
36,27,21,47
36,26,21,48
36,26,21,48
36,26,21,47
35,26,20,48
35,26,21,47
36,26,21,47
36,26,21,47
37,26,20,46
36,27,20,46
37,27,20,46
38,28,20,45
38,28,20,45
38,28,20,45
38,27,20,45
38,27,20,46
37,27,20,46
37,27,20,47
37,27,20,48
37,26,21,49
36,26,20,49
36,26,20,49
36,26,20,49
36,26,20,48
35,26,20,48
35,26,20,48
35,26,20,47
35,27,20,47
36,27,20,47
35,27,20,46
35,27,20,46
35,27,20,46
35,26,20,46
34,26,20,46
34,26,20,46
34,26,20,47
35,25,20,47
35,25,21,48
35,26,20,48
36,26,21,48
37,25,21,49
38,25,21,48
38,25,20,48
38,25,21,47
37,25,20,47
37,25,20,47
37,25,20,47
38,25,20,47
38,25,20,46
38,25,20,46
39,25,20,46
38,25,20,46
38,25,20,46
38,25,20,47
37,24,20,47
37,24,20,47
36,24,20,47
37,24,21,47
36,24,21,48
36,24,21,48
36,24,21,48
36,23,21,48
36,23,21,49
35,23,21,48
36,23,20,48
35,24,20,48
35,24,21,47
35,24,20,47
35,25,20,47
35,24,20,47
35,24,20,47
35,24,20,47
35,24,20,48
34,24,20,47
34,24,20,48
34,24,21,48
34,23,20,48
33,23,21,48
34,23,21,48
33,23,20,49
33,22,21,50
33,22,21,52
33,22,21,52
33,23,20,53
33,23,21,52
33,23,20,52
34,24,20,51
33,24,20,51
33,24,20,50
33,24,20,50
33,24,20,50
34,24,21,50
35,24,21,51
35,23,20,50
35,23,21,50
35,23,21,51
36,23,21,51
36,23,21,51
36,23,21,51
35,23,21,50
36,24,21,50
37,23,21,50
38,23,21,50
38,23,20,50
39,23,21,49
40,24,20,48
40,24,21,48
40,24,20,48
40,24,20,48
40,24,20,48
40,24,21,49
40,24,21,48
40,23,21,49
41,23,21,49
41,23,21,48
41,23,21,49
42,23,21,49
43,23,21,49
43,22,21,50
43,23,21,51
43,22,21,51
43,23,20,51
43,24,20,50
44,23,20,50
45,23,21,49
45,23,20,49
45,23,20,48
46,23,20,48
46,23,20,48
46,23,20,48
46,23,20,47
45,23,21,48
45,23,21,48
45,23,21,48
45,23,20,47
45,23,21,47
44,23,21,47
44,23,21,47
44,22,21,48
43,23,21,48
44,22,21,48
43,23,21,47
43,23,20,47
43,24,20,46
43,24,21,46
43,24,20,46
43,24,20,46
42,23,21,46
42,23,21,47
42,23,20,47
41,23,21,47
41,23,21,47
41,23,21,48
41,23,21,49
41,23,21,49
40,23,21,48
40,23,21,48
40,23,21,48
39,23,21,47
39,23,21,47
39,24,21,46
39,24,21,47
39,24,20,46
39,25,21,45
38,25,20,46
38,25,20,46
38,25,20,46
38,25,21,47
38,25,20,48
38,24,21,48
38,24,20,48
37,24,20,47
37,24,21,48
38,24,20,48
37,23,20,48
37,23,20,50
37,23,20,50
37,23,20,51
38,24,20,50
39,25,20,50
40,26,20,49
40,27,20,49
40,28,20,48
40,27,20,48
39,27,20,48
39,28,20,48
39,27,20,48
39,28,20,47
38,28,20,47
38,27,20,47
38,27,20,47
38,27,21,47
38,27,20,47
38,26,21,47
38,26,21,47
37,26,21,47
38,26,20,47
38,26,20,47
38,27,21,47
37,27,21,47
38,27,20,47
37,27,20,47
38,27,20,47
39,27,20,46
40,27,20,46
41,26,21,46
42,26,21,47
42,26,21,47
42,26,21,48
42,25,20,48
42,25,21,48
41,25,21,48
42,25,21,47
42,25,21,47
43,24,21,47
43,24,21,46
44,24,20,46
44,24,20,46
44,25,20,45
44,25,20,45
43,25,20,45
43,25,20,44
43,25,20,44
42,24,20,44
42,24,20,45
42,24,20,45
41,24,20,45
41,24,21,46
42,24,21,46
42,24,20,46
41,23,20,46
41,24,20,47
41,23,20,47
40,23,20,47
40,22,20,46
40,23,20,46
40,23,20,46
39,23,20,45
39,24,20,45
39,24,20,45
39,24,20,44
39,24,20,45
39,24,20,45
39,24,20,46
39,24,20,47
38,23,20,47
38,23,21,47
38,23,20,47
38,23,21,47
37,23,21,48
38,23,21,48
38,23,21,49
38,23,21,49
39,23,21,49
39,24,21,49
40,24,21,48
39,25,20,48
40,25,20,48
40,26,20,49
39,26,20,50
39,26,20,52
39,26,20,53
39,25,21,54
38,25,21,53
38,25,21,52
38,25,21,52
38,25,21,51
37,24,21,51
38,24,21,51
37,24,21,50
37,24,21,50
37,24,21,50
37,24,21,49
37,24,21,49
37,24,21,49
36,24,20,48
36,24,20,48
36,24,20,47
37,24,21,47
37,23,21,47
37,23,21,48
37,23,21,48
37,23,21,49
37,23,21,49
37,23,21,49
37,23,21,49
37,22,21,48
37,22,21,48
37,22,21,47
37,22,21,48
37,22,21,47
38,22,21,47
38,21,21,46
38,21,21,46
38,21,21,45
38,21,20,45
38,21,20,45
38,21,20,45
38,21,20,45
39,21,21,45
40,21,21,45
39,21,21,45
39,20,21,46
39,20,21,46
39,20,22,46
39,20,21,46
39,20,22,45
39,20,22,45
38,20,22,45
38,20,22,45
38,20,22,45
38,21,21,44
38,21,21,44
38,22,21,44
37,23,21,43
37,22,21,43
37,23,21,43
37,22,21,43
37,22,21,44
37,22,22,44
36,22,22,45
36,22,22,45
37,21,22,44
36,22,22,44
37,21,22,43
36,21,22,44
36,21,22,44
36,21,22,43
36,21,22,43
36,21,22,43
36,21,22,43
36,20,22,43
36,20,22,42
35,21,21,42
35,20,21,41
35,20,22,42
35,20,21,42
35,20,22,43
35,20,22,43
35,20,22,43
36,19,22,43
35,20,22,43
35,20,22,43
35,19,23,44
34,19,23,44
35,19,22,44
34,19,23,43
35,19,23,43
35,19,22,44
36,20,22,44
36,20,22,44
36,20,22,43
37,20,22,43
36,20,22,43
36,20,22,42
36,20,22,42
36,20,22,43
36,20,22,42
37,20,22,43
37,19,22,42
37,20,22,42
37,20,22,42
38,19,23,43
37,20,22,44
37,20,23,46
37,20,22,48
36,20,22,50
36,20,22,50
37,20,22,49
37,21,22,50
38,21,22,50
39,21,22,49
39,21,22,48
39,21,22,48
39,21,22,48
38,21,22,48
38,20,23,47
38,20,22,47
38,20,22,47
37,20,23,47
37,20,23,47
37,20,23,47
36,20,23,47
37,20,23,47
37,20,23,47
38,20,23,48
37,20,23,47
37,20,23,47
37,21,23,46
37,21,23,46
38,20,23,46
38,20,23,46
39,20,22,46
39,20,23,47
39,20,22,47
39,20,23,48
38,20,23,49
38,20,23,49
38,20,23,49
38,20,23,49
39,20,23,49
39,19,23,49
39,19,23,49
39,19,23,49
40,19,23,49
40,19,23,48
40,19,23,48
40,19,23,48
40,19,22,48
40,19,23,47
40,20,22,47
39,20,22,46
39,20,23,47
39,19,23,47
39,19,23,47
39,19,23,47
39,19,23,47
39,20,23,47
39,20,23,47
38,20,24,48
38,20,23,49
38,19,24,49
38,19,23,49
39,19,23,49
38,19,23,48
39,19,23,48
40,19,23,48
40,19,23,47
40,19,22,47
40,19,22,47
40,19,23,47
40,19,23,47
40,19,23,47
40,19,23,48
40,19,23,47
40,20,24,48
40,19,24,48
40,20,23,48
40,19,24,47
40,19,23,47
39,19,23,47
39,19,24,47
39,19,24,47
39,19,23,46
40,20,23,46
40,20,23,46
40,20,23,45
39,20,23,45
39,20,23,45
39,20,23,45
39,20,23,46
39,20,23,47
40,20,23,48
40,20,24,49
40,20,24,49
40,20,24,49
40,20,23,48
40,21,24,49
40,21,24,49
40,20,24,48
39,20,24,48
39,20,24,48
40,20,24,48
39,20,24,47
40,19,24,47
40,19,23,47
40,19,23,46
40,19,23,46
41,19,24,47
40,19,24,47
40,20,24,47
40,20,24,47
39,19,24,47
39,20,25,48
39,19,25,48
39,20,25,48
39,20,26,49
38,20,25,48
38,19,25,48
39,19,26,48
38,20,25,48
38,19,26,48
37,20,25,48
37,20,25,47
37,20,25,47
36,21,25,47
36,20,25,47
36,20,25,47
36,20,24,47
37,20,25,48
37,20,25,48
37,20,25,49
37,20,26,49
37,19,26,49
37,20,25,50
37,19,26,50
36,19,26,50
36,19,26,51
36,20,25,52
37,20,25,53
37,21,25,53
37,21,25,52
37,22,25,52
37,22,25,51
37,23,24,51
37,22,25,50
37,23,24,50
38,23,25,51
38,23,25,51
37,23,25,52
37,23,25,52
37,23,26,52
37,24,25,52
37,23,26,53
37,23,26,52
36,23,26,52
36,23,26,53
36,23,26,52
36,23,26,52
36,22,26,52
36,22,26,51
35,23,26,51
35,22,26,50
35,23,26,50
35,22,26,50
35,22,25,49
36,22,26,50
36,22,26,50
36,22,26,51
36,22,26,52
36,22,26,52
36,22,26,52
36,21,26,52
37,21,26,52
37,21,26,52
37,21,26,51
37,21,26,51
36,21,26,50
37,21,26,49
37,22,26,49
37,22,26,49
37,22,25,49
37,22,25,49
36,22,25,50
36,22,25,50
36,22,25,51
36,21,25,51
36,21,26,52
36,21,26,53
35,21,26,53
35,21,26,54
35,21,26,53
35,21,26,53
34,21,26,52
35,21,26,52
35,20,26,51
34,21,26,51
34,21,26,51
34,21,26,50
34,21,26,50
34,21,25,49
35,21,25,49
35,21,25,48
35,21,25,49
35,21,25,49
34,20,26,50
34,21,26,51
34,21,26,51
34,21,26,51
34,21,26,51
33,21,26,51
33,21,27,51
33,21,26,50
33,21,26,50
33,20,26,50
32,20,26,49
33,20,26,49
33,21,26,49
34,21,26,48
34,21,25,48
34,21,25,47
34,21,26,48
33,22,25,48
33,22,25,50
33,22,25,50
33,22,26,51
33,23,26,51
33,22,26,50
32,23,26,50
32,22,26,49
32,22,26,49
32,22,26,49
32,22,26,49
31,22,26,48
31,22,26,48
31,22,26,48
31,22,25,47
31,22,25,47
31,23,25,46
31,23,25,46
31,23,25,46
31,23,25,45
30,23,25,45
31,23,25,45
31,23,25,46
31,23,26,46
31,23,26,47
31,23,26,46
31,23,26,46
31,23,26,46
31,22,26,46
31,22,26,47
31,22,26,46
30,22,26,46
31,22,26,46
31,22,25,45
31,22,25,45
31,22,25,45
31,21,25,44
31,21,25,44
30,21,25,44
30,21,25,44
30,21,25,44
30,21,25,44
30,21,25,45
30,21,26,44
30,21,25,44
29,21,26,44
29,20,26,44
29,20,25,44
29,20,26,44
29,20,26,44
29,20,26,44
29,20,26,44
30,21,26,43
30,21,25,43
30,21,26,42
30,21,25,42
30,21,25,42
29,21,25,42
30,21,25,42
30,21,26,42
30,21,26,42
29,21,26,41
30,21,26,41
29,20,26,42
29,20,26,41
29,20,26,41
29,20,26,42
29,20,26,42
29,20,26,41
29,19,26,41
29,19,26,41
29,20,26,41
29,20,26,40
29,20,26,40
29,21,25,40
29,22,25,40
29,22,25,40
30,21,25,39
29,21,25,39
29,21,26,40
29,21,26,40
29,21,25,39
29,20,26,40
29,20,26,39
29,20,26,39
29,21,25,40
29,21,25,40
29,21,25,40
29,20,25,40
29,20,25,39
30,20,25,39
30,20,25,39
30,20,25,38
31,20,25,38
31,21,24,38
31,20,24,38
30,21,24,38
30,21,25,38
31,22,25,39
31,22,25,39
31,22,25,39
31,22,25,40
31,22,25,40
31,22,24,40
32,22,24,40
32,22,25,40
32,21,24,40
32,21,24,41
32,22,24,40
32,23,24,40
31,23,24,40
31,23,24,39
31,23,23,39
31,23,23,38
32,23,24,39
32,23,24,39
32,22,24,40
32,23,24,41
32,22,24,41
32,22,24,41
32,22,24,41
32,22,24,41
32,22,24,42
33,22,24,44
32,21,24,45
33,21,23,46
34,21,23,47
35,22,23,46
35,21,23,46
35,22,23,46
36,22,23,46
35,22,23,45
35,22,23,45
35,21,23,45
36,22,23,44
35,21,23,44
35,21,23,44
35,21,23,44
36,21,23,45
35,21,24,45
35,21,24,46
35,21,23,47
35,21,23,48
35,20,23,48
35,20,23,48
35,20,23,47
35,20,23,47
35,21,23,47
35,21,23,46
35,22,23,45
35,22,22,45
35,22,22,45
35,22,22,45
35,22,22,45
35,21,22,45
34,21,23,46
34,21,23,46
34,22,22,47
34,21,22,47
34,21,22,47
34,21,22,46
35,21,22,46
35,21,22,45
35,20,22,45
36,21,22,45
37,21,22,44
37,22,22,44
38,22,22,44
38,23,22,44
37,23,22,43
37,23,22,43
37,23,22,43
37,23,22,43
37,23,22,43
37,23,22,43
37,23,22,44
37,22,22,43
37,23,22,43
36,22,22,43
37,22,22,44
36,22,22,43
36,22,22,44
36,21,22,44
36,21,22,44
36,22,22,43
37,22,22,43
37,22,22,43
37,22,22,42
36,22,22,42
37,22,22,42
37,22,22,42
37,22,21,42
37,22,22,42
37,22,22,43
37,22,22,43
37,22,22,43
37,22,22,43
36,22,22,43
36,22,22,43
36,21,22,43
36,21,22,43
36,21,22,44
35,21,22,43
36,21,22,43
35,20,22,42
35,21,22,42
35,21,21,42
35,21,21,42
35,21,21,41
35,21,21,41
35,21,22,41
35,21,22,42
35,21,22,42
35,21,22,42
35,21,22,43
34,20,22,42
34,20,22,42
34,20,22,42
34,20,22,42
34,20,22,43
33,20,22,43
33,20,22,43
33,20,22,43
33,21,22,42
33,21,22,42
33,22,22,42
33,22,22,41
33,22,22,42
34,22,22,42
35,22,22,42
35,22,22,43
36,21,22,43
36,21,22,43
36,21,22,44
37,21,23,44
36,21,22,44
36,21,22,43
36,21,22,44
36,21,22,44
36,21,22,43
35,21,22,43
36,21,22,43
35,22,22,42
35,22,22,42
35,22,22,42
35,22,22,41
35,22,21,42
35,22,21,41
36,21,21,41
36,21,22,40
36,21,22,40
36,21,22,41
36,21,22,41
35,21,22,43
35,20,22,43
35,20,22,42
35,21,22,42
36,21,22,42
36,21,22,41
37,21,22,41
38,22,22,41
38,21,22,40
38,21,22,40
37,21,22,40
37,21,21,41
38,21,21,41
38,21,22,42
39,21,22,43
41,21,22,45
42,21,22,45
42,21,23,45
42,21,23,45
42,21,23,45
42,21,23,44
42,21,23,44
42,21,22,44
42,21,22,44
42,21,22,43
42,21,22,43
43,22,22,42
43,22,22,42
43,23,22,42
44,23,22,42
44,23,22,41
44,23,22,41
44,23,22,41
43,23,22,41
43,23,22,41
43,23,22,40
42,23,22,40
42,23,22,40
42,23,21,40
41,23,22,40
41,22,22,40
40,22,22,40
40,22,22,40
40,22,22,40
40,22,22,39
40,22,21,39
41,23,22,39
41,23,22,38
41,23,21,38
41,23,22,38
41,23,22,38
41,23,22,38
41,23,22,38
42,23,22,38
41,23,21,38
41,23,22,38
41,22,22,39
40,22,22,38
40,22,22,39
39,22,22,38
39,22,22,38
39,21,22,38
39,21,22,38
39,21,22,37
39,21,21,37
39,21,21,37
39,21,22,37
39,22,21,36
38,23,21,36
38,23,21,36
38,24,21,36
38,24,21,36
37,25,21,37
37,25,21,37
37,25,22,38
36,24,22,38
36,24,22,39
36,24,22,39
36,24,22,38
35,24,22,38
36,24,22,38
35,24,22,38
36,23,22,37
36,24,22,37
36,24,22,37
36,24,22,37
36,24,21,36
36,25,21,36
35,25,21,35
35,25,21,36
35,25,21,36
35,24,21,36
35,24,22,36
35,24,22,36
35,24,22,36
34,24,22,36
34,23,23,36
34,23,22,36
34,23,22,36
34,23,22,36
34,23,22,35
34,23,22,35
34,23,22,35
35,24,22,35
35,24,22,34
35,24,22,34
35,24,21,34
34,24,22,34
34,23,22,34
35,23,22,34
35,23,21,35
35,23,21,35
36,23,21,37
36,23,21,38
36,22,21,38
37,22,21,38
36,22,22,38
36,22,21,38
36,22,21,37
36,22,21,37
36,22,21,37
36,22,21,36
37,22,21,36
38,22,21,36
38,22,21,35
39,22,21,35
39,23,21,35
39,23,21,35
39,23,21,36
38,23,21,36
38,23,21,37
38,23,21,37
38,23,21,39
38,23,22,39
38,23,22,40
37,22,22,39
37,23,22,39
37,22,22,39
37,22,22,38
37,22,22,38
37,23,22,38
37,23,22,37
37,23,21,37
37,23,21,37
36,23,21,37
36,23,21,36
36,23,21,36
36,23,21,36
36,22,22,36
36,22,22,36
36,22,22,36
36,23,22,36
36,22,22,37
36,22,22,37
37,22,22,37
37,22,22,37
38,22,22,36
38,22,22,37
39,22,22,38
39,22,22,38
38,23,22,38
38,23,22,39
38,24,21,39
38,25,21,38
39,25,21,38
40,25,21,38
40,25,21,37
41,25,21,37
41,25,21,37
40,24,22,37
40,24,22,37
40,24,22,36
40,24,22,36
40,24,22,36
39,24,23,36
39,24,23,36
39,24,23,35
39,24,23,35
39,24,23,35
39,24,23,35
39,25,23,35
40,25,23,34
40,25,23,34
40,24,23,34
39,24,23,34
39,24,23,34
39,24,23,34
38,24,23,34
38,24,23,34
38,24,23,34
38,23,23,34
37,23,23,34
37,23,24,34
37,23,24,34
37,22,24,34
37,22,24,34
36,23,24,34
37,22,24,34
37,22,24,33
37,23,23,33
37,23,23,33
36,23,23,32
36,22,23,32
37,23,23,33
37,22,24,33
37,23,23,33
36,22,24,33
36,22,23,33
36,22,23,32
36,22,24,33
36,22,24,34
36,22,24,34
36,21,25,33
36,21,24,33
36,21,24,33
36,22,24,33
36,22,24,33
36,22,24,32
36,22,24,32
36,22,24,32
37,23,24,31
37,23,23,32
36,23,23,32
36,23,24,32
36,23,24,33
36,23,24,33
36,23,25,33
36,23,25,33
35,22,25,34
35,22,25,34
35,22,25,34
35,22,25,34
35,22,25,34
35,22,25,33
34,22,25,33
35,22,25,33
35,22,25,33
34,22,25,33
34,22,24,33
34,22,24,33
34,22,24,32
34,22,24,32
34,22,24,32
34,22,25,33
35,22,25,33
36,22,25,33
36,22,25,33
36,22,25,33
36,21,25,32
36,21,25,32
36,21,25,33
36,21,25,32
36,21,25,32
36,21,25,32
36,21,24,32
37,21,25,32
37,21,25,31
36,21,24,31
36,21,24,31
36,21,24,31
36,21,24,30
37,21,24,30
38,21,24,31
39,21,24,31
40,21,25,31
41,21,25,31
42,21,25,31
42,21,25,31
41,21,25,31
41,21,25,33
41,21,25,33
41,21,25,34
42,21,25,34
43,20,24,34
44,20,24,34
45,20,24,33
45,20,24,33
45,20,24,33
45,20,24,33
45,21,24,33
45,20,24,33
45,21,24,33
44,20,24,33
44,20,24,33
44,20,24,32
44,20,24,33
44,20,24,33
43,20,24,35
43,20,24,35
43,20,25,36
42,20,24,36
42,20,24,36
43,21,24,37
43,22,24,37
43,22,24,37
42,22,24,37
42,23,24,36
41,23,24,36
41,23,24,36
41,23,23,36
41,23,24,36
41,22,24,37
41,22,24,36
41,22,25,36
40,22,24,36
40,22,25,36
40,22,25,36
40,21,24,35
39,22,24,35
39,21,25,35
39,21,24,35
39,21,24,35
39,22,24,34
38,22,24,34
38,21,24,34
38,22,24,34
37,22,24,33
37,21,24,33
37,22,24,34
37,22,24,34
37,21,24,33
37,21,24,33
36,21,24,33
36,21,24,33
36,21,25,33
36,20,25,33
35,21,24,33
36,21,25,33
35,20,25,32
35,20,25,32
35,20,24,32
35,20,24,31
36,21,24,31
37,21,24,31
37,22,24,31
37,23,24,31
37,23,24,31
37,23,24,32
37,23,24,32
37,23,25,31
36,23,25,31
37,23,25,32
37,23,25,32
37,23,26,32
36,23,26,32
36,23,25,31
36,23,26,31
35,23,26,32
36,23,25,31
36,23,25,31
36,23,25,31
36,24,25,31
36,25,25,31
36,24,25,30
36,24,25,30
36,24,24,31
36,24,25,30
35,24,25,30
35,24,25,30
35,23,25,30
35,23,25,30
35,23,25,30
35,23,25,30
35,22,25,30
35,23,25,30
34,22,25,29
34,22,25,29
34,22,25,29
35,21,25,29
34,22,25,29
34,21,24,29
34,22,24,28
34,22,24,28
34,22,24,28
34,22,24,28
34,22,24,28
34,23,24,29
34,22,25,29
34,23,25,29
34,22,25,29
34,23,25,30
35,24,26,30
35,24,26,30
35,24,25,30
35,24,26,29
34,24,25,29
35,24,25,29
35,24,25,29
35,24,25,29
35,24,25,29
35,24,25,29
35,24,25,29
35,24,25,29
35,24,25,29
35,25,25,29
34,25,25,28
34,25,25,28
34,25,25,28
34,26,25,28
34,26,26,28
34,25,26,28
34,26,26,28
33,26,26,28
33,26,26,28
33,26,26,27
33,26,26,27
33,27,26,27
33,27,26,27
33,27,26,27
34,28,26,27
34,28,26,27
34,28,26,27
34,28,26,27
34,28,26,27
34,28,25,27
34,27,26,28
34,27,26,29
35,27,26,30
35,27,26,31
35,27,26,32
35,27,26,32
36,27,26,32
36,26,27,32
36,26,26,32
36,26,26,32
36,26,26,32
37,26,26,32
37,26,26,32
37,26,26,32
37,26,26,32
37,26,26,32
37,26,26,32
37,26,26,32
37,26,26,32
37,25,26,32
37,25,27,33
37,25,27,33
36,25,27,32
37,25,27,32
36,25,27,32
36,25,27,32
37,24,27,32
37,24,27,32
37,24,27,31
37,24,27,31
38,25,27,31
38,25,26,30
39,25,26,31
39,25,26,30
39,25,26,30
39,25,26,30
39,26,27,31
38,26,27,31
38,26,27,31
38,26,27,30
38,26,27,30
37,25,27,30
37,25,27,30
37,25,26,30
37,25,26,29
37,25,27,29
37,25,26,29
37,25,26,29
37,26,26,29
38,26,26,28
38,26,25,28
38,27,26,28
38,26,25,28
37,26,25,28
37,26,26,28
37,26,26,28
37,26,26,28
37,26,26,28
36,25,26,28
37,25,26,28
36,25,27,28
36,25,27,29
36,25,27,29
