54,8,271,79
49,16,266,86
56,8,265,90
52,8,278,91
55,13,272,81
46,15,283,82
40,12,271,86
52,2,281,89
48,4,269,88
54,4,268,71
61,2,272,78
44,5,281,88
43,4,270,89
55,9,267,80
56,4,270,81
51,5,274,76
53,8,274,75
41,17,282,88
64,16,269,86
46,16,266,78
49,6,267,87
48,10,269,82
51,6,280,76
59,1,272,78
55,7,268,88
46,7,265,75
46,15,274,88
46,0,280,82
58,1,269,79
64,8,268,84
63,1,281,76
52,10,269,83
58,4,279,91
65,9,268,88
48,8,265,85
57,11,272,82
57,11,278,78
59,12,272,86
56,18,265,87
65,3,277,82
61,15,280,84
57,12,279,93
54,15,276,90
47,16,272,79
60,15,283,91
47,16,276,86
56,6,282,85
59,4,276,89
64,12,276,79
58,6,267,95
67,1,278,81
52,8,270,81
64,15,282,92
63,5,266,84
51,4,278,79
48,16,278,84
60,4,267,79
50,4,266,79
64,12,280,92
64,0,271,95
52,7,281,94
60,8,281,80
64,8,278,93
57,16,268,79
63,12,274,83
48,14,281,81
55,7,282,93
55,0,282,80
57,6,283,87
50,3,276,86
52,3,281,81
62,12,268,85
57,8,272,84
58,7,283,96
50,8,268,79
57,6,281,95
64,4,275,95
53,12,278,86
63,0,281,88
65,18,268,84
54,8,274,91
61,3,276,94
51,12,272,91
60,6,269,91
54,6,265,97
65,4,271,83
59,16,275,86
58,12,278,94
59,8,272,88
62,11,284,96
52,15,268,90
55,9,265,96
51,9,266,87
48,5,278,87
65,4,276,90
51,5,267,84
51,17,279,90
59,8,270,99
64,9,276,98
55,9,271,92
65,7,280,84
53,18,268,92
61,4,267,89
52,2,274,85
57,4,269,91
61,16,270,99
56,4,268,87
61,7,281,94
57,4,266,83
67,11,272,84
67,9,281,95
48,0,265,97
54,15,281,96
55,16,276,84
53,2,279,87
52,8,275,81
65,4,275,98
66,4,283,87
56,3,268,87
67,14,280,88
66,10,271,99
56,6,275,91
62,8,271,91
66,16,265,79
64,0,271,83
69,5,281,88
62,0,278,95
47,16,267,84
59,4,278,94
60,3,267,92
52,9,268,90
49,9,278,88
55,0,277,91
58,5,265,94
60,0,280,88
62,11,283,97
55,6,280,88
49,16,276,86
64,0,267,97
56,10,278,97
55,17,277,88
68,2,270,85
69,9,268,91
54,16,268,98
67,12,279,95
63,12,266,85
60,7,275,97
56,8,276,90
66,1,283,82
56,8,270,91
55,1,272,84
66,11,266,88
53,11,272,97
55,17,282,89
64,16,269,95
69,6,277,94
69,0,278,85
69,1,280,92
55,17,275,93
69,12,268,92
68,12,283,83
62,17,281,91
59,17,279,80
67,13,276,91
56,11,269,82
53,1,269,81
71,13,269,80
64,11,281,82
59,11,278,84
68,2,278,79
68,10,268,84
51,8,268,93
65,16,269,86
60,12,279,80
52,13,267,84
55,6,281,84
51,5,273,91
54,5,276,88
69,0,277,90
67,17,279,92
53,2,268,82
50,17,266,80
48,10,275,90
60,4,283,84
65,16,274,84
66,8,270,82
47,13,278,80
67,13,272,88
65,12,268,85
56,1,274,80
60,1,282,81
52,17,275,81
51,16,274,91
52,19,265,96
55,17,268,84
57,1,272,82
61,3,269,86
59,16,272,82
53,8,268,83
67,3,267,88
52,0,275,83
59,12,272,79
49,3,274,84
52,19,270,78
58,1,273,88
62,0,270,95
58,6,278,76
62,7,280,82
60,17,265,90
61,1,280,86
65,17,280,78
56,10,269,94
52,9,280,92
62,2,267,82
52,12,266,89
60,15,271,86
61,16,270,87
62,6,282,80
53,2,270,82
67,7,272,80
60,10,265,95
52,6,281,95
59,0,272,90
71,9,281,92
62,3,282,90
55,11,271,93
61,1,272,87
55,5,278,95
66,8,271,95
56,16,265,91
52,11,271,83
67,14,280,87
61,2,273,92
60,15,269,85
53,5,281,92
71,15,275,92
54,8,278,87
64,16,278,87
67,3,276,82
63,3,282,85
65,12,272,95
64,5,274,79
69,16,276,92
60,10,268,95
56,14,283,96
69,11,281,80
68,16,269,90
57,4,276,81
67,4,274,87
68,16,266,79
62,15,267,96
69,1,280,87
49,0,280,80
63,0,278,90
63,7,266,87
67,8,268,84
62,19,270,91
47,18,282,81
49,14,278,80
69,8,277,84
56,15,281,86
60,12,273,93
59,0,267,80
71,0,282,80
65,11,268,84
68,8,279,95
60,2,279,81
60,7,265,87
60,4,281,92
69,8,268,79
65,12,276,86
56,12,266,91
68,2,273,93
56,6,278,79
68,9,280,84
62,15,267,93
62,6,274,78
55,16,280,86
55,16,276,84
64,8,268,79
61,5,278,84
75,3,267,82
55,0,267,80
68,6,267,83
64,1,278,78
73,4,266,82
51,0,266,80
56,15,281,92
68,1,278,79
61,11,272,84
56,12,272,83
66,4,279,90
64,16,280,88
65,16,278,82
69,16,280,88
68,11,268,84
57,8,268,86
54,7,268,84
54,9,274,79
69,17,280,76
52,4,278,79
57,16,280,79
60,2,283,85
62,5,283,82
56,0,276,80
56,6,267,75
65,8,267,91
56,13,268,83
65,8,271,87
62,0,271,85
65,8,274,75
64,8,270,87
47,15,279,76
67,19,268,87
56,0,271,77
65,0,273,80
52,2,279,83
52,3,281,90
58,15,279,88
59,16,268,91
60,15,272,81
49,8,268,84
64,16,275,79
54,4,266,75
59,10,271,91
52,19,273,90
53,3,269,88
60,0,281,92
57,4,263,75
65,5,268,88
61,14,277,92
58,6,283,93
66,16,273,78
64,9,268,88
52,0,270,85
57,12,278,93
56,15,283,85
69,15,282,80
65,10,280,88
55,16,273,82
50,4,271,93
64,11,276,78
50,4,281,74
51,1,278,91
64,9,268,87
61,8,277,87
64,5,280,78
49,9,274,86
57,0,272,76
51,9,275,76
56,7,265,85
58,8,271,75
53,13,277,88
65,2,280,79
49,17,268,84
63,7,275,85
59,12,275,78
51,17,276,80
65,4,267,87
64,12,271,89
58,6,270,73
57,13,270,75
58,4,278,91
50,16,277,82
66,12,270,75
57,10,265,85
55,9,278,80
66,19,271,84
54,1,282,87
64,9,268,87
67,13,277,80
65,4,280,80
63,4,277,86
51,1,272,91
50,12,271,91
52,10,269,87
51,13,275,76
55,12,272,78
52,8,273,91
54,1,280,77
46,13,281,88
53,4,274,85
60,13,271,87
60,4,271,74
64,12,276,91
59,11,271,82
62,19,267,83
46,5,272,88
61,0,276,77
47,5,274,88
46,14,283,78
55,15,265,80
59,17,270,76
64,11,272,76
60,8,263,91
58,5,273,89
60,4,282,91
57,10,281,83
49,7,280,84
67,17,277,78
64,12,267,81
61,8,279,93
64,0,277,79
65,16,276,87
60,4,282,91
55,11,280,78
65,1,274,78
52,15,283,91
56,15,283,79
57,6,281,81
49,13,268,91
52,10,271,89
43,1,275,88
63,0,269,88
64,11,268,84
52,0,265,78
52,5,272,86
54,15,269,81
64,0,272,84
67,17,280,78
58,7,283,78
60,13,282,78
57,13,280,76
54,12,270,78
61,13,270,86
57,10,278,86
67,4,270,87
49,9,277,78
54,17,275,80
65,1,277,81
60,2,283,75
56,4,274,81
64,10,273,80
67,5,274,78
71,1,281,84
51,17,275,84
59,5,272,84
61,15,277,91
69,0,272,80
62,15,283,83
67,17,268,85
55,13,274,78
56,12,273,91
59,0,268,95
55,16,280,84
68,3,268,82
54,9,280,86
67,12,274,79
56,12,269,81
71,15,271,85
51,16,271,83
56,5,270,93
68,15,281,81
54,16,272,79
68,3,270,93
74,19,282,82
65,12,274,83
62,5,278,80
63,19,268,80
77,16,281,80
62,9,268,91
75,12,270,79
61,12,274,93
64,4,273,93
75,16,276,84
76,9,273,84
78,5,283,88
65,7,283,87
73,1,276,87
75,16,273,79
74,4,281,80
73,4,275,77
67,0,279,93
79,0,280,80
61,0,275,88
75,15,276,88
77,3,268,82
62,17,274,84
59,8,272,93
57,0,272,80
71,17,266,77
74,19,269,77
59,3,275,83
62,8,274,79
73,12,274,86
72,8,278,93
74,13,276,91
72,2,283,92
61,4,281,81
73,0,266,79
73,0,282,83
62,6,269,93
72,14,275,80
55,12,269,80
61,0,270,83
55,5,269,88
66,0,283,85
62,6,267,77
71,11,268,79
57,12,268,83
69,12,278,83
68,12,270,79
67,12,270,75
56,2,279,76
72,8,270,95
66,10,272,93
68,11,273,76
61,14,274,84
60,2,271,83
63,7,281,80
60,17,281,91
54,4,278,79
74,3,273,82
64,16,280,84
65,12,274,77
60,7,275,94
54,16,280,84
58,1,277,80
65,17,281,90
55,15,277,90
65,11,267,80
55,5,272,80
62,1,265,93
66,3,283,80
60,15,271,78
64,16,280,80
72,6,283,77
60,4,279,80
72,0,271,91
70,12,266,86
60,6,270,86
66,0,275,86
70,17,280,80
56,0,278,86
71,1,282,84
65,5,266,79
77,15,282,93
71,0,275,92
70,7,277,85
76,16,278,92
80,8,274,95
71,15,272,89
79,11,278,79
71,1,270,95
71,8,268,86
75,15,276,80
66,12,274,85
69,18,273,92
74,8,270,87
59,12,269,90
72,10,273,81
55,17,268,92
56,16,276,86
64,16,280,90
75,11,280,90
61,4,278,92
66,7,271,91
72,4,271,91
61,1,268,86
65,16,272,88
75,16,274,88
56,16,280,82
63,6,278,93
56,12,272,89
66,7,274,81
55,17,273,82
72,4,267,89
63,6,281,80
60,11,265,78
75,9,272,82
75,16,272,84
72,11,270,78
62,13,270,94
72,10,270,79
60,0,268,91
66,12,269,82
67,16,276,82
71,4,278,91
77,0,273,90
64,14,270,86
64,1,273,88
67,0,280,90
56,19,279,85
66,5,282,91
68,10,275,91
60,15,265,85
71,11,277,85
69,16,269,86
67,4,281,81
63,8,271,89
55,6,278,78
70,17,271,91
60,15,283,85
56,2,279,75
64,9,278,84
67,3,279,77
58,10,267,77
58,13,280,76
70,12,272,82
64,10,279,87
67,6,270,84
69,13,275,84
57,12,271,74
55,15,282,84
64,3,270,75
56,2,270,91
63,12,278,91
75,1,273,88
73,16,268,80
59,9,268,80
60,2,273,79
64,4,265,90
63,0,275,80
62,6,281,93
64,1,272,86
79,12,280,80
71,16,271,83
68,15,275,78
75,16,268,94
64,11,271,81
63,14,270,89
74,10,269,87
68,5,275,90
68,7,283,87
63,6,275,87
75,16,270,78
68,7,272,96
73,8,274,79
77,16,277,88
74,3,273,84
70,19,265,89
74,0,275,93
69,6,275,93
66,4,283,77
64,12,271,79
70,15,279,82
66,5,272,82
74,16,266,89
62,15,267,92
75,2,268,79
76,13,268,85
70,15,265,91
83,12,277,90
76,17,266,96
83,9,278,84
85,7,277,79
70,16,280,84
80,7,267,91
72,0,276,79
67,5,266,81
72,6,270,87
67,8,278,86
77,6,281,88
86,11,281,81
80,5,271,82
86,10,277,92
74,13,272,97
74,7,283,93
66,12,268,90
83,12,270,79
74,15,275,96
67,13,269,86
81,2,271,91
64,11,276,86
66,1,274,93
79,1,281,88
62,3,283,85
72,4,267,79
80,10,274,94
67,10,274,83
65,6,271,78
63,2,283,78
76,8,282,94
77,2,269,91
64,12,272,86
70,12,270,95
68,14,283,81
59,12,281,90
58,11,276,80
72,6,279,94
68,0,263,81
73,8,270,77
70,10,276,78
72,4,279,95
71,12,268,83
63,10,265,87
60,19,278,91
74,15,271,92
59,0,277,80
72,2,277,83
64,10,268,93
70,3,267,80
79,1,280,78
60,0,280,84
70,9,268,95
60,4,277,91
77,14,277,84
61,8,274,95
72,12,269,89
62,11,280,87
57,7,272,88
79,11,280,81
55,14,277,88
69,11,269,88
67,12,270,87
70,10,270,79
73,12,274,93
61,12,273,95
68,12,279,85
58,3,278,92
66,15,281,92
57,12,278,91
75,18,266,88
60,12,264,87
58,5,281,91
62,0,270,92
55,15,266,88
69,12,274,83
60,9,267,80
60,19,270,89
55,6,272,80
75,17,274,88
74,9,270,84
66,0,276,87
63,12,270,87
61,8,271,77
73,10,278,84
60,14,266,90
73,16,269,79
56,15,270,96
73,13,267,88
59,12,271,87
75,3,276,81
59,1,278,78
73,4,280,79
53,17,272,90
74,16,275,84
57,4,279,92
69,7,283,81
72,12,277,91
58,15,281,80
71,13,276,90
55,4,270,90
53,16,268,90
68,7,279,90
58,3,281,93
68,2,265,77
72,12,267,83
68,2,273,91
57,12,275,93
62,11,281,93
60,16,273,86
62,8,268,90
73,12,272,84
59,12,274,79
62,1,282,88
63,15,268,80
67,11,270,84
57,17,281,88
69,4,280,84
71,0,268,83
62,7,265,77
68,8,274,75
64,6,272,82
62,2,282,80
60,0,265,77
62,15,283,93
71,9,278,87
59,3,278,91
60,1,268,95
51,10,273,90
56,0,283,78
61,8,275,83
56,4,269,94
61,4,283,91
57,10,270,82
63,8,271,85
64,2,280,80
60,19,282,93
71,13,274,88
51,4,272,88
67,15,273,87
71,11,270,88
54,1,270,95
52,10,270,85
55,1,282,88
58,15,282,92
51,5,272,79
67,14,280,80
66,1,269,95
56,7,265,80
58,17,268,88
64,2,271,95
66,12,271,79
56,7,280,91
60,0,276,84
60,4,273,77
65,6,283,89
65,16,272,84
53,1,268,79
67,3,277,81
63,7,267,80
64,7,283,93
70,12,272,85
65,14,276,90
60,8,267,77
57,8,277,83
66,0,274,87
55,10,278,84
62,10,271,77
67,14,270,82
65,12,280,82
65,2,270,83
59,11,273,87
56,4,270,86
69,16,275,78
65,1,278,82
61,15,280,85
53,13,277,88
57,1,280,82
52,5,280,84
55,10,266,88
49,8,280,82
47,16,269,82
64,4,265,93
57,12,270,95
58,11,277,91
54,1,276,87
53,2,271,75
65,12,276,85
50,15,283,80
64,10,270,93
60,6,281,93
51,8,268,83
59,0,267,81
56,6,267,75
62,12,274,93
56,4,267,84
57,0,269,89
64,2,272,75
64,1,273,82
64,4,280,82
47,13,280,79
52,10,265,83
46,16,269,82
56,4,283,93
60,2,265,91
52,7,283,80
56,4,276,94
48,4,274,85
48,2,274,82
59,17,268,91
49,17,281,90
65,16,274,78
64,3,277,84
62,15,280,82
47,16,280,88
65,16,270,79
48,9,271,79
65,7,273,84
53,16,273,86
50,1,278,80
55,7,281,88
47,15,269,86
64,10,266,81
69,13,269,84
56,8,278,79
62,6,275,94
52,12,269,81
63,15,272,89
47,6,272,77
58,17,281,81
63,9,282,82
64,12,267,93
52,10,273,79
54,0,279,85
58,17,279,85
64,3,271,91
66,2,268,85
57,9,272,78
47,16,277,84
56,4,271,89
49,12,274,95
60,18,279,77
47,15,268,82
51,9,268,93
64,16,276,87
49,12,280,91
56,12,268,93
61,4,272,87
55,10,267,82
63,3,268,90
48,0,273,87
60,4,269,89
48,4,274,81
49,12,282,75
52,15,281,88
53,5,276,93
57,16,274,91
54,15,277,93
51,16,280,86
59,0,267,90
52,7,271,80
46,14,265,94
43,0,281,89
58,0,282,93
47,1,271,82
55,3,282,81
52,4,279,77
42,9,269,81
58,17,269,88
49,15,267,81
65,5,272,88
51,3,279,80
52,7,266,80
57,8,270,87
71,15,269,88
54,0,280,88
60,6,274,91
68,12,274,93
62,18,285,79
61,11,277,88
69,5,272,84
64,1,278,82
66,12,270,91
54,5,266,90
59,17,269,81
73,2,268,95
56,13,271,83
71,19,282,81
73,12,274,77
55,15,268,88
56,9,268,82
59,15,269,88
57,0,275,76
63,5,283,91
72,12,270,87
70,12,268,78
60,4,274,77
76,12,276,87
62,17,275,83
71,2,270,93
73,2,269,93
70,17,270,83
64,1,274,83
76,8,274,95
65,4,275,95
72,0,283,84
74,3,281,96
68,6,283,83
66,10,277,78
68,15,282,96
83,15,270,89
63,11,269,84
79,0,277,96
80,4,266,95
64,10,270,90
77,10,276,91
72,2,265,80
80,4,267,78
82,8,270,81
82,10,278,86
80,6,269,91
78,4,280,80
61,10,282,89
80,11,276,86
65,4,282,77
75,4,276,87
79,12,276,87
73,0,265,76
64,16,269,90
75,12,271,83
64,6,267,75
71,12,272,86
69,8,272,91
71,10,280,76
71,4,278,90
76,16,274,87
70,15,265,89
77,0,272,78
69,1,276,93
73,12,278,91
59,15,267,80
64,8,273,84
67,3,274,88
58,15,271,85
68,15,269,84
67,1,270,83
64,0,276,76
54,1,281,85
60,10,265,87
66,6,283,89
71,0,280,84
67,0,281,80
64,7,285,90
69,8,281,91
62,12,279,87
60,17,277,90
73,16,266,82
58,11,275,87
58,11,274,82
60,4,283,79
65,4,269,87
69,4,275,83
64,12,273,81
60,10,271,76
67,1,275,84
56,4,275,91
59,16,280,84
58,12,278,90
64,16,280,86
54,8,270,78
55,15,281,80
72,9,278,75
57,1,271,78
53,16,269,79
66,14,271,78
56,10,280,79
64,18,269,90
51,0,268,86
58,8,268,95
66,4,268,91
54,4,280,84
71,7,281,77
69,7,274,90
55,11,277,86
57,15,268,88
61,6,274,78
67,8,270,89
54,10,280,87
67,17,272,80
47,3,273,85
58,15,283,88
47,16,269,78
62,4,281,92
52,15,274,79
62,9,278,79
65,0,273,84
59,16,276,84
64,8,277,75
59,0,277,78
62,15,275,89
67,11,280,78
63,12,278,91
56,0,267,83
56,4,272,89
64,16,280,80
49,9,269,84
63,17,278,84
47,7,267,82
49,6,283,83
60,7,265,88
57,2,267,90
55,19,274,89
59,1,278,75
66,8,271,81
61,12,270,79
50,11,282,80
56,12,279,90
69,15,275,84
56,4,271,83
64,4,279,74
54,3,282,90
55,1,281,83
52,14,270,88
69,15,281,85
65,4,274,79
67,1,266,75
52,6,283,73
62,4,283,74
56,6,283,82
58,6,270,89
66,14,279,79
69,7,277,78
71,2,268,89
69,8,274,75
71,4,278,79
71,8,269,80
73,13,275,80
71,0,275,86
58,13,271,89
77,0,280,88
74,3,267,75
72,4,271,81
80,10,269,86
89,4,273,86
94,17,270,80
95,15,283,80
93,4,268,88
97,16,273,84
90,8,282,93
81,10,275,91
79,16,280,82
88,2,279,86
84,0,281,82
86,19,266,80
95,16,278,87
90,15,280,87
82,1,280,79
94,16,277,83
80,6,265,75
92,16,280,79
77,16,277,78
90,8,276,77
71,14,272,88
71,12,280,84
80,8,274,89
73,16,272,75
74,17,277,80
81,2,274,75
89,8,270,75
71,8,270,91
73,13,271,93
74,0,274,90
71,15,283,86
72,12,271,75
72,19,269,76
69,8,280,78
79,5,281,76
76,11,271,76
74,9,284,81
76,6,278,91
77,2,268,83
83,9,272,82
74,3,277,86
78,6,265,85
68,2,279,74
80,0,277,91
68,0,278,82
68,15,282,88
82,16,268,83
74,0,274,80
71,0,283,90
70,5,277,90
66,6,283,93
68,7,265,85
72,15,275,77
83,17,281,76
68,8,274,87
61,13,276,83
70,7,265,76
72,4,271,75
59,5,272,86
57,11,280,78
77,2,268,87
60,12,276,93
63,0,277,83
72,7,279,93
73,12,270,79
72,0,270,91
72,8,266,77
58,5,272,86
76,10,274,78
68,11,269,87
74,5,270,77
59,0,271,84
59,0,272,88
66,4,283,87
64,16,280,84
61,10,277,78
67,8,270,83
75,9,277,80
76,14,271,91
70,19,266,80
63,5,280,80
64,11,280,84
74,2,277,75
68,10,275,79
73,10,280,84
67,12,271,89
60,0,270,90
73,0,271,79
58,11,268,87
65,4,270,93
74,16,269,86
68,13,266,84
72,8,270,91
60,10,272,82
59,2,266,90
75,6,275,80
66,14,281,81
55,1,282,87
68,13,271,75
57,16,272,75
66,15,279,88
72,1,277,87
75,12,278,89
59,1,282,78
62,0,272,88
63,5,277,75
60,15,280,75
71,17,280,88
60,8,270,93
70,16,268,86
57,4,271,79
57,15,282,88
69,8,275,84
60,14,283,79
60,0,267,83
69,8,271,91
71,2,274,79
73,11,274,84
57,12,282,81
71,0,281,80
54,17,277,88
57,8,267,81
69,8,270,85
69,2,266,91
53,8,271,87
54,5,280,82
61,15,280,88
65,0,274,76
60,17,283,84
63,0,274,80
56,15,283,78
55,0,269,80
65,4,282,85
56,2,274,79
65,5,282,80
50,7,281,82
67,13,269,84
65,4,267,77
60,2,281,78
55,5,276,80
65,1,270,78
51,14,269,84
54,12,266,77
54,17,282,90
52,16,268,78
68,11,283,93
71,0,280,86
55,13,269,82
67,0,269,88
69,15,267,89
71,15,280,81
53,5,266,82
64,6,283,77
72,4,270,85
59,16,273,82
72,6,265,83
66,1,274,91
73,4,270,91
64,16,274,93
55,3,266,86
63,1,279,88
70,17,282,80
55,8,276,94
57,16,272,94
62,10,277,91
55,13,266,85
75,0,267,89
68,6,283,93
59,16,280,79
67,4,270,82
65,0,269,90
66,7,265,81
69,8,270,87
73,13,274,82
68,2,283,93
69,8,281,77
57,8,279,91
61,6,283,84
68,0,267,78
61,10,281,93
71,17,280,80
61,10,268,88
55,11,276,84
57,4,271,87
54,17,269,78
64,8,280,79
69,1,280,78
71,0,275,86
56,6,282,79
60,16,268,83
67,16,270,83
62,8,270,91
59,8,276,78
64,10,268,77
62,1,266,91
67,0,282,80
67,5,278,88
51,18,280,88
59,16,277,86
61,1,278,86
51,15,268,88
64,9,270,75
50,12,279,79
56,15,267,85
57,17,281,89
49,1,280,80
56,15,277,83
58,7,267,75
50,10,268,91
55,1,268,80
59,13,275,84
67,12,272,89
55,17,278,90
66,0,269,95
62,6,283,83
60,2,283,90
62,19,266,82
65,5,268,90
54,16,273,87
56,2,283,96
64,4,266,85
65,0,273,80
54,17,278,89
53,0,282,90
56,10,277,79
56,0,267,96
56,12,267,87
60,3,282,80
56,6,283,91
61,10,268,79
69,0,266,93
57,16,270,87
61,6,279,90
64,0,269,83
54,17,267,88
71,2,275,95
70,10,274,81
68,10,283,97
71,9,266,93
55,7,274,96
68,10,271,97
70,17,266,82
61,1,280,84
71,11,283,86
51,17,277,92
63,17,282,89
64,17,281,82
71,16,268,79
62,2,279,96
66,6,273,81
60,4,283,88
60,14,281,90
69,0,282,88
55,15,281,85
64,16,272,90
57,12,275,97
54,19,276,96
64,12,280,88
57,13,274,82
66,8,271,87
67,0,280,84
54,15,275,93
65,0,275,88
54,17,277,80
55,9,282,90
50,15,273,92
67,16,268,86
62,3,277,82
60,19,265,81
51,16,272,87
67,0,274,96
68,4,266,87
58,6,270,97
72,6,283,80
60,19,271,91
67,16,270,87
68,19,276,83
78,17,281,82
67,0,266,91
72,4,283,87
59,2,272,86
63,10,279,88
79,0,281,84
63,5,279,80
68,11,273,96
69,0,273,92
75,10,280,80
79,16,276,82
76,13,270,85
62,0,271,96
64,6,263,87
65,12,272,95
73,10,281,93
74,13,282,88
65,1,272,84
58,5,265,82
72,7,285,85
69,8,268,86
74,17,274,80
62,0,283,84
72,2,277,81
76,16,268,78
72,15,269,85
63,7,273,81
60,17,277,85
75,2,273,88
73,9,273,84
55,5,276,88
66,16,278,94
72,6,283,96
66,8,268,90
59,2,281,88
75,16,280,84
68,6,283,86
58,12,279,97
60,6,282,93
59,9,269,88
62,0,277,91
63,12,276,83
62,14,279,91
63,19,267,79
67,11,282,89
51,8,278,94
69,11,278,94
56,11,281,93
70,6,268,87
64,16,272,87
72,4,283,83
60,11,266,85
54,1,278,90
73,10,270,86
70,0,275,80
66,4,282,91
73,14,276,86
67,2,276,81
71,15,266,96
67,8,275,92
60,5,283,91
72,12,267,77
56,0,270,79
68,18,265,96
64,10,273,86
69,1,274,79
60,2,271,86
70,11,280,86
56,6,283,91
58,13,265,90
72,12,270,79
62,1,283,82
69,0,275,85
67,0,268,87
61,17,280,81
70,8,274,94
55,17,281,85
69,17,281,88
65,16,268,85
53,16,275,84
67,12,270,93
62,1,283,89
68,15,265,83
51,0,268,88
55,3,276,91
70,16,272,95
64,7,274,81
63,15,279,92
73,0,280,82
72,7,272,86
55,11,275,82
57,6,283,97
70,12,274,85
68,10,265,89
60,15,283,79
62,11,283,82
68,6,271,83
71,8,270,82
75,13,275,89
74,0,280,80
73,0,276,84
65,9,278,84
72,12,271,91
62,3,275,88
66,17,283,88
66,12,270,99
70,7,265,96
70,0,282,92
87,0,282,88
81,0,280,86
75,16,269,86
74,0,277,91
91,16,270,92
90,4,281,92
86,0,272,84
88,8,274,83
103,2,272,92
90,7,280,88
105,16,281,89
98,4,266,83
93,1,276,91
87,5,270,92
99,13,276,91
86,3,274,94
103,1,273,88
99,2,271,93
97,2,270,95
99,4,276,83
79,5,275,90
82,16,270,88
94,7,269,87
80,1,270,99
77,8,281,94
79,5,274,86
80,12,278,93
90,6,283,89
84,16,268,90
92,6,270,89
92,4,278,89
86,10,270,83
78,6,283,88
80,10,271,87
91,4,268,97
92,9,276,80
78,1,280,89
74,2,281,79
83,13,271,93
78,8,271,87
93,11,268,79
91,0,276,79
74,9,276,84
90,0,281,88
89,4,279,95
77,16,276,80
77,4,270,95
90,9,278,78
89,16,273,78
90,7,282,80
84,9,272,84
82,11,275,80
91,0,280,86
75,8,268,84
96,16,271,89
84,3,281,96
75,0,265,91
78,15,281,81
91,8,277,79
92,16,276,82
89,2,271,95
71,15,267,83
86,16,280,92
83,16,276,82
76,4,272,95
87,13,279,82
91,16,272,79
74,7,279,93
82,19,271,88
91,10,270,85
95,17,272,92
89,12,281,93
93,1,272,78
95,2,274,81
87,12,268,88
89,4,279,93
87,16,266,78
92,6,278,92
102,12,268,79
85,7,281,88
96,4,263,79
102,12,277,78
98,15,282,78
90,9,272,90
92,4,283,83
90,12,278,85
94,17,267,77
103,0,268,88
88,12,264,91
100,6,283,93
94,15,279,76
103,11,271,91
104,12,272,91
92,6,270,87
93,13,268,79
96,6,274,91
112,12,278,87
97,11,279,80
101,9,281,88
121,8,277,78
112,12,266,79
126,16,280,84
122,2,275,87
108,1,270,80
125,6,276,79
115,17,269,91
126,1,276,81
132,16,268,79
115,16,280,86
115,17,281,88
120,2,283,90
119,12,272,83
123,6,282,97
114,3,282,90
129,16,268,90
114,17,266,81
115,8,271,95
114,11,282,89
113,1,270,97
120,14,275,96
122,11,276,82
131,17,282,89
132,15,268,91
139,0,268,94
126,8,270,95
128,17,265,90
130,0,264,91
123,0,278,95
124,3,282,101
127,19,265,98
136,1,280,90
129,1,277,95
136,14,283,94
128,16,271,102
143,16,272,91
147,9,279,88
135,12,266,99
145,16,277,94
136,3,275,97
138,0,266,98
131,11,268,91
133,16,268,91
135,16,268,86
150,3,274,99
138,15,265,91
138,15,282,97
140,11,279,96
148,7,267,99
159,5,273,92
173,12,270,93
171,16,281,94
174,14,281,99
174,4,270,102
187,13,275,90
179,12,279,97
187,0,269,89
197,1,277,98
200,7,283,99
197,11,282,88
210,0,283,99
215,1,272,92
224,13,268,101
233,12,268,87
235,2,274,88
219,4,274,85
215,15,276,95
227,17,275,88
220,7,267,97
227,13,268,99
218,3,276,92
220,4,275,87
219,14,274,94
220,9,282,86
215,16,273,93
234,8,272,95
222,3,281,89
233,2,276,85
231,16,277,88
243,15,269,88
256,7,281,97
255,12,275,87
239,0,272,88
240,10,278,91
244,6,271,96
253,15,282,96
268,0,281,97
266,11,272,90
280,3,273,96
293,2,279,89
306,5,276,92
308,0,281,86
310,1,271,85
302,6,269,85
287,13,272,100
305,16,272,87
291,2,269,92
302,2,265,103
297,8,278,91
309,7,268,96
308,10,277,104
294,1,277,93
306,0,277,102
305,2,271,97
293,13,280,92
311,17,268,92
303,11,271,93
306,3,283,92
307,16,268,107
299,12,283,91
303,0,277,104
299,8,271,91
296,2,279,91
298,3,266,99
299,3,277,105
304,12,266,103
319,0,282,103
314,13,276,100
323,19,269,100
316,0,280,99
316,16,268,95
309,3,272,98
317,7,281,94
324,0,274,92
312,12,268,107
314,19,267,103
325,19,274,98
321,15,273,100
315,5,278,95
302,13,275,95
306,1,267,100
313,13,270,98
294,13,281,98
298,15,276,91
300,7,265,91
286,1,273,90
291,6,277,103
300,13,274,103
288,12,267,95
294,12,278,89
279,1,272,95
287,0,271,99
292,12,276,91
287,1,270,90
286,6,285,87
287,15,283,88
290,11,268,92
295,15,284,88
311,0,273,98
314,13,274,103
301,6,271,86
295,13,279,96
304,10,283,102
306,19,272,96
305,8,272,87
301,15,269,104
302,0,275,105
309,8,272,91
298,6,279,103
295,7,268,89
307,17,267,99
296,4,276,101
294,0,278,94
287,9,274,94
288,4,273,96
273,17,275,100
288,8,274,105
282,1,279,87
280,7,277,100
263,16,268,87
268,0,282,101
272,4,270,101
271,14,275,93
256,12,280,87
269,15,280,98
267,1,272,94
255,13,270,86
271,17,283,92
268,2,285,96
263,7,269,93
267,16,276,95
256,16,280,88
251,13,269,98
245,15,274,102
239,7,275,96
255,12,274,85
258,12,270,87
249,11,277,98
259,8,282,97
237,10,269,92
242,13,283,92
242,0,283,91
235,10,270,83
233,16,268,91
235,0,280,92
234,0,267,85
245,17,267,97
231,2,277,94
240,16,280,94
226,19,267,93
233,4,271,95
215,14,267,88
214,0,267,88
213,12,270,97
227,13,271,94
223,16,270,90
223,14,277,92
207,15,282,84
215,0,269,85
204,1,270,90
212,12,270,83
201,0,272,96
204,5,273,86
208,0,283,89
200,15,279,97
211,9,278,84
200,2,279,98
213,3,281,92
210,8,283,97
199,5,277,86
200,12,275,91
214,9,274,91
202,11,267,99
213,3,283,101
218,11,270,87
218,2,276,91
222,8,280,94
212,15,282,92
210,15,273,101
221,16,274,92
210,15,270,99
205,0,266,91
202,0,268,100
213,1,272,101
219,3,281,96
209,9,273,98
213,2,266,93
219,16,280,92
206,0,280,93
204,6,283,87
218,16,278,94
200,3,280,103
203,13,280,98
199,15,281,104
203,19,283,104
196,2,279,103
195,1,272,88
198,12,274,102
200,4,285,95
189,17,278,101
199,15,272,94
194,1,274,99
199,2,274,93
196,4,271,89
180,0,282,96
187,0,279,97
197,13,273,92
192,15,275,101
196,2,273,91
203,3,267,99
203,16,272,92
203,15,278,88
208,3,280,100
208,15,283,100
209,13,268,88
210,19,271,92
204,18,279,85
214,15,281,99
204,3,279,99
203,3,272,94
213,2,272,95
206,13,267,96
209,4,267,85
213,11,282,94
197,5,269,89
208,4,279,100
205,2,267,91
207,0,283,96
195,11,274,91
202,2,270,90
199,1,277,97
185,16,268,91
195,9,276,86
192,6,273,94
186,17,285,85
190,16,278,90
190,9,277,92
189,16,273,92
199,15,281,89
208,6,267,87
215,19,272,97
233,4,278,99
246,15,277,84
261,4,282,93
244,9,273,95
260,0,281,97
264,16,271,86
257,3,272,83
272,0,277,96
276,4,274,89
270,13,281,97
280,4,267,99
271,0,281,97
273,13,280,86
272,0,267,87
267,7,283,94
258,9,280,91
264,11,282,96
252,3,284,91
261,1,272,95
266,15,269,92
250,0,282,99
253,16,271,93
255,13,280,92
251,0,281,91
254,13,274,95
253,16,271,94
241,16,277,96
242,15,271,100
245,0,278,83
245,6,279,99
241,11,279,85
242,12,267,99
254,12,271,87
241,0,272,88
253,8,282,98
255,3,282,87
252,14,270,88
257,0,281,102
241,9,271,91
242,19,284,94
246,5,284,94
248,13,275,101
242,6,283,103
240,8,276,89
234,0,285,90
223,5,280,90
228,1,278,91
222,1,284,98
226,10,270,101
222,17,283,90
224,17,274,96
234,11,279,97
229,0,280,93
226,6,283,93
227,5,280,100
217,4,272,93
225,0,281,94
224,13,276,107
213,8,276,103
206,17,278,105
210,15,283,106
208,7,268,103
206,11,280,96
210,6,271,93
204,6,281,90
195,18,273,103
190,1,267,100
194,15,283,107
207,16,273,93
195,11,277,94
209,5,272,105
197,8,276,109
214,1,271,107
221,8,267,103
213,10,275,107
220,6,273,120
223,12,271,116
226,0,274,123
216,4,267,119
229,0,282,120
218,6,281,116
221,9,282,118
236,0,279,115
239,11,278,111
257,16,281,112
269,8,272,112
268,19,284,118
268,3,267,117
268,6,285,108
278,8,275,123
275,12,270,117
270,15,267,112
283,3,273,112
276,1,280,120
268,11,267,116
264,2,267,105
267,2,274,107
271,7,284,114
262,12,282,105
260,12,275,125
258,2,285,128
261,1,270,122
259,17,269,124
257,16,280,125
236,9,274,126
237,0,283,118
236,3,279,129
234,4,271,115
235,15,282,124
241,8,273,126
238,6,279,125
237,15,280,126
242,13,281,117
250,11,284,122
259,1,271,114
281,11,280,122
287,15,280,126
274,15,268,129
284,15,278,116
287,14,280,124
292,4,283,121
291,4,276,125
298,9,279,119
305,8,278,125
299,13,274,128
297,11,283,130
295,9,282,124
301,7,268,116
290,4,277,122
288,16,277,124
288,0,278,117
277,8,283,129
267,13,281,122
263,11,269,125
269,15,280,112
271,12,277,116
263,15,282,119
256,15,275,122
252,11,267,115
259,14,281,123
243,6,284,120
245,15,268,120
253,0,280,110
239,0,275,122
236,3,271,112
236,10,285,125
232,14,283,110
236,17,284,120
233,1,283,120
232,4,277,116
235,7,272,116
226,4,275,107
231,15,281,116
218,1,275,121
220,2,283,107
224,12,283,117
224,15,276,116
222,15,269,124
233,0,277,126
239,7,282,118
239,0,278,118
233,3,282,118
221,17,272,130
225,13,268,137
236,6,275,131
227,9,281,122
228,15,285,124
224,7,275,136
227,10,274,137
240,11,270,132
242,1,273,124
253,4,267,121
261,16,273,129
259,1,281,118
250,13,267,130
240,13,278,132
251,17,281,122
247,17,283,128
243,0,270,119
253,3,272,128
237,2,281,127
253,0,279,118
238,13,285,128
239,1,283,116
238,3,276,124
229,6,285,131
235,7,282,124
230,3,266,118
231,5,274,127
222,15,274,123
228,2,283,111
231,7,281,110
226,4,279,125
231,11,268,120
220,15,283,114
219,8,270,115
215,15,281,121
219,12,267,111
208,8,275,111
200,16,280,116
217,8,274,117
216,4,266,107
209,12,283,121
199,1,277,123
201,2,277,117
197,16,268,115
206,16,277,116
204,11,280,108
205,12,276,120
207,14,280,116
188,19,276,115
192,11,274,121
194,15,267,120
191,1,267,120
194,5,279,121
196,3,275,108
201,15,285,116
190,1,273,119
193,10,268,115
185,3,280,114
203,15,281,112
202,0,282,120
200,4,277,115
188,10,283,112
201,10,270,111
197,6,271,119
204,1,267,109
193,12,270,107
198,15,267,116
205,17,281,120
189,17,272,120
199,7,270,116
191,15,279,116
197,3,272,118
190,17,271,107
183,1,284,113
186,12,275,119
194,5,269,114
193,15,273,121
209,4,278,111
198,11,274,112
201,0,273,111
219,16,268,118
210,2,274,109
227,13,272,114
221,11,274,115
215,5,280,110
209,17,279,120
221,6,279,120
221,7,274,112
219,0,282,108
211,13,275,120
203,3,284,112
205,15,282,118
207,3,269,120
195,11,277,120
197,13,276,125
200,19,282,120
213,1,272,118
211,5,277,116
207,0,277,120
219,15,278,117
208,16,276,129
212,12,278,115
199,8,273,123
210,1,284,126
202,4,276,133
209,16,284,120
202,0,267,123
202,8,280,118
202,10,271,128
189,2,275,130
193,1,276,119
183,9,281,128
200,0,285,131
199,1,274,119
192,13,275,129
192,13,279,134
214,11,280,131
214,4,281,119
216,11,281,131
225,16,272,126
222,0,267,127
226,11,276,127
222,15,279,131
217,2,285,130
216,4,274,129
214,4,272,135
212,0,274,124
220,15,275,135
218,4,273,130
208,9,278,119
206,17,282,133
214,15,282,122
214,9,285,136
226,10,271,129
224,10,270,137
240,4,275,129
238,3,274,135
238,16,276,135
243,12,276,132
230,11,280,138
229,12,274,147
240,8,283,139
226,12,268,149
234,6,282,147
231,13,273,142
227,0,284,150
236,12,278,141
235,12,280,154
221,12,277,148
239,17,283,146
227,5,277,157
229,16,270,146
221,17,276,152
223,5,274,148
242,7,283,144
253,12,270,146
253,1,280,150
240,0,271,153
239,2,272,150
246,15,284,151
248,6,285,157
254,0,274,146
246,5,272,151
250,4,276,148
247,15,269,156
230,3,281,152
230,6,274,146
237,5,271,153
240,1,275,155
239,7,269,144
224,4,269,147
235,11,281,150
228,5,270,149
219,12,272,143
231,17,281,150
232,10,267,141
233,4,270,151
230,14,283,138
244,0,278,153
248,3,270,140
239,17,277,148
252,7,280,138
252,4,277,140
248,17,283,138
231,13,282,144
247,18,282,136
241,1,282,141
236,7,265,146
250,12,271,143
254,12,280,136
237,16,268,143
249,9,277,138
246,8,274,143
253,16,274,137
248,7,275,138
252,16,269,139
250,7,285,133
244,12,285,143
256,0,272,136
257,0,282,140
254,11,279,140
239,1,282,140
245,11,283,138
245,2,270,129
248,12,277,139
244,17,282,136
264,8,278,137
249,8,274,147
249,0,281,140
248,2,270,139
242,7,275,144
262,8,269,139
256,3,283,137
265,16,270,146
274,19,267,145
265,15,281,138
261,2,282,139
275,10,270,138
262,6,273,146
272,14,267,145
275,12,270,149
276,5,277,142
283,16,283,136
271,13,274,136
277,0,279,133
277,12,279,131
291,10,274,142
273,12,268,147
276,0,279,146
284,12,270,139
274,10,275,149
267,11,274,146
282,10,276,151
273,2,285,151
260,9,276,140
267,18,275,147
255,17,270,142
265,13,278,137
248,15,281,144
248,15,283,134
252,13,269,148
251,5,267,146
240,14,275,144
244,19,281,145
248,4,266,129
243,10,269,132
246,16,269,132
257,2,278,138
249,14,272,133
239,17,280,132
258,3,280,134
255,14,272,132
247,9,276,142
247,19,279,130
243,4,269,141
227,9,266,135
243,16,280,130
239,16,277,132
237,8,273,136
232,0,285,125
238,16,274,132
230,10,272,137
243,13,268,130
235,0,268,138
224,8,274,133
227,16,274,127
222,13,267,137
223,17,283,126
227,13,277,136
227,0,277,123
224,12,283,137
213,6,281,126
210,12,270,139
220,1,265,136
218,6,269,136
212,18,283,135
223,16,282,129
226,0,279,132
214,15,273,128
213,1,272,134
204,1,266,134
204,12,270,139
212,4,283,135
219,16,268,135
209,2,274,139
207,8,272,131
197,0,280,126
203,8,275,126
199,15,283,125
207,5,266,128
213,12,271,121
208,1,274,119
215,11,280,124
210,16,280,124
202,5,270,130
211,0,280,126
212,1,281,123
225,1,272,123
212,6,281,127
221,0,280,124
228,0,283,130
221,16,273,130
240,2,275,125
237,8,277,127
234,3,279,137
226,17,267,129
236,10,278,135
220,19,279,140
217,15,282,139
213,5,283,140
226,4,279,137
227,0,281,133
226,0,283,136
235,3,280,136
222,0,266,145
237,16,276,134
233,4,282,138
232,0,281,143
237,0,277,140
230,11,267,134
234,14,269,132
226,1,271,139
237,2,279,123
237,9,268,125
232,6,267,137
233,17,281,124
231,10,277,124
230,8,272,139
230,13,270,127
224,16,271,123
207,15,281,136
214,5,275,128
227,16,278,132
231,17,283,137
220,19,283,142
228,15,268,141
216,11,282,141
218,15,281,144
226,11,267,132
203,1,278,140
212,10,279,128
204,7,283,127
202,4,272,130
206,15,270,129
195,11,270,130
202,12,270,126
200,4,267,129
197,16,270,127
202,16,280,132
201,16,277,132
203,2,274,137
195,16,276,132
204,16,274,124
192,0,276,134
198,15,279,125
201,15,278,140
186,14,280,134
189,16,278,140
197,16,280,129
197,15,282,128
188,2,283,143
185,16,281,132
201,3,275,136
190,0,276,141
201,12,276,123
186,12,281,123
188,8,266,135
187,1,280,134
184,14,274,138
186,15,285,135
194,19,270,135
194,3,270,123
203,0,266,136
205,5,276,134
193,7,277,132
205,11,278,135
199,15,283,123
197,1,267,130
202,0,269,117
208,2,279,117
216,2,278,115
202,12,270,130
205,4,276,118
207,14,280,124
192,11,276,126
201,13,279,120
209,7,280,120
204,13,276,121
223,0,279,132
216,7,274,129
229,8,280,125
233,16,280,124
229,16,276,122
222,6,277,126
232,19,284,122
225,3,270,130
247,13,270,130
235,12,278,131
241,12,268,135
239,5,269,124
228,18,283,118
228,12,276,127
242,16,272,126
227,7,275,118
246,4,271,127
241,0,281,116
238,15,281,116
229,2,282,127
239,8,282,124
242,0,284,130
230,0,266,125
221,15,272,125
225,16,280,116
233,16,278,122
233,1,278,127
226,0,273,126
223,10,283,127
230,7,281,125
235,16,280,124
239,1,276,126
243,12,270,127
247,11,277,131
247,8,274,122
245,8,276,131
225,8,280,127
235,15,268,124
237,13,278,130
224,12,276,134
237,13,276,119
224,4,283,125
219,8,270,119
234,4,281,118
231,1,282,124
219,4,270,127
225,15,270,128
211,0,281,123
224,0,269,113
213,10,272,118
218,10,271,128
216,2,278,119
209,8,269,128
214,10,276,111
209,4,279,124
202,8,270,115
197,5,277,122
200,0,276,128
208,8,279,125
188,17,282,124
203,9,274,113
200,12,283,123
203,4,270,125
188,3,273,114
198,13,283,112
196,3,285,110
202,4,274,123
198,19,275,118
199,7,277,121
209,4,276,115
193,16,274,112
197,4,278,119
207,2,278,109
186,16,272,116
197,4,267,120
190,6,279,115
188,10,272,114
182,12,272,118
198,2,271,107
187,12,276,108
201,16,280,114
193,1,274,111
198,0,272,108
186,3,277,115
194,6,267,110
196,12,275,119
200,3,285,110
203,4,283,120
192,13,280,110
188,12,277,110
183,16,281,112
202,19,279,112
184,11,278,110
194,4,279,109
179,2,278,106
188,6,279,119
191,8,271,115
191,1,283,116
182,2,279,103
194,16,268,108
200,8,278,104
196,13,267,112
203,11,270,114
203,12,275,112
199,12,269,109
205,16,282,104
189,15,283,112
205,11,272,112
203,1,284,109
192,1,267,121
191,7,284,128
199,0,274,132
182,0,268,139
185,7,270,137
195,16,280,134
188,11,272,132
179,16,269,126
193,12,278,139
188,0,270,125
190,13,274,126
176,1,274,129
169,16,277,134
177,13,270,127
169,9,277,122
185,13,275,133
171,5,278,133
173,2,285,131
192,16,272,127
175,15,270,132
183,19,275,134
182,15,272,123
182,0,282,135
176,13,270,119
186,9,274,123
183,13,272,126
183,1,280,128
180,6,279,128
181,16,272,119
181,1,277,130
181,0,284,129
184,7,285,133
189,8,276,131
171,1,283,117
180,4,269,115
185,8,278,118
179,13,284,115
182,2,275,115
197,11,277,122
183,0,277,123
200,4,267,109
193,16,276,114
198,1,277,116
196,14,267,123
186,2,281,121
192,10,276,123
194,4,278,119
191,9,278,123
177,9,270,112
187,13,279,115
191,11,270,112
181,0,277,107
182,15,283,121
174,7,276,116
173,2,285,113
185,0,278,116
168,14,267,113
168,6,271,107
161,16,281,111
177,10,276,115
173,8,278,123
175,3,284,112
165,12,272,123
182,1,280,110
168,15,273,114
164,11,283,104
183,10,276,108
177,12,276,115
176,6,267,117
180,16,274,119
170,12,270,103
170,12,279,113
170,2,270,101
183,13,272,105
183,12,274,107
185,1,270,109
185,16,273,102
173,16,280,108
178,4,274,119
165,12,272,107
176,4,271,113
178,16,280,111
164,1,279,127
163,0,275,120
165,3,267,128
176,12,270,117
169,12,270,122
168,12,272,127
168,8,270,119
161,15,270,122
159,10,275,120
162,13,272,116
155,8,280,119
153,16,272,138
164,5,276,143
167,18,282,152
154,1,269,164
150,17,281,165
157,15,283,159
163,13,280,159
156,4,274,169
145,0,270,160
146,13,269,168
139,17,281,168
147,17,280,173
141,3,280,173
158,11,271,186
152,7,285,176
159,16,269,184
158,3,271,185
152,2,276,176
166,0,275,180
165,9,270,175
168,12,282,175
151,15,283,184
168,13,271,175
154,11,275,189
157,10,272,180
152,8,279,192
160,11,283,189
163,11,276,191
164,12,274,185
158,4,277,190
165,2,274,188
150,0,271,195
145,16,272,191
163,11,280,198
161,9,280,202
164,12,282,187
160,2,272,185
167,3,271,194
171,17,272,184
161,7,268,193
173,12,279,183
173,12,274,182
185,11,272,182
179,0,272,181
185,0,282,175
191,0,269,184
188,12,271,187
193,4,268,183
188,19,283,184
188,4,275,177
187,17,268,169
184,0,267,169
195,7,283,169
188,16,276,170
177,0,280,175
183,7,280,164
183,9,284,170
199,18,269,161
187,10,274,160
194,0,272,170
183,4,276,159
197,7,277,164
201,0,280,159
183,0,282,166
193,4,278,163
189,16,272,162
189,12,276,169
184,2,285,185
177,7,285,192
186,18,269,196
195,9,278,204
195,17,281,208
185,0,272,206
184,19,267,219
180,17,269,222
199,3,277,217
202,6,275,213
209,0,280,212
210,15,274,223
203,4,276,221
214,16,270,212
205,16,271,219
217,8,274,205
207,2,272,206
210,0,270,218
205,8,281,212
212,0,267,215
207,3,281,208
217,12,274,214
224,11,280,204
221,0,272,204
212,6,285,210
206,6,278,206
212,15,282,208
202,1,267,193
210,6,271,197
209,8,272,194
210,16,281,191
205,7,280,198
204,15,273,187
194,0,284,195
191,2,275,192
200,10,282,187
196,11,281,198
183,0,283,203
194,15,284,201
193,14,275,202
182,4,276,199
186,3,269,197
198,16,276,197
183,16,274,194
179,7,281,188
180,11,267,198
188,9,280,191
185,0,281,191
191,4,276,179
181,16,283,190
190,1,280,191
186,2,276,180
191,15,282,177
192,4,267,175
187,4,274,182
194,19,283,179
198,9,280,174
183,1,272,180
183,3,273,180
186,17,283,180
179,16,274,180
187,8,272,170
195,17,283,172
193,16,269,174
192,3,280,168
173,2,268,172
184,11,279,179
184,10,285,165
176,19,284,171
178,19,279,174
180,10,283,160
180,1,283,160
182,8,279,160
181,0,266,155
169,16,270,167
180,0,281,160
182,2,280,165
183,11,278,162
181,9,276,166
169,15,282,154
182,2,270,158
172,11,281,152
168,4,268,165
170,9,268,160
173,2,276,159
175,17,281,152
180,7,267,161
186,13,280,146
176,0,275,148
177,1,275,153
178,0,271,148
175,0,282,153
178,11,275,152
192,8,278,143
173,11,276,143
184,12,274,157
181,7,267,150
176,4,276,153
183,0,272,152
174,19,271,155
168,10,281,142
176,12,278,149
173,12,273,153
168,4,274,147
169,0,270,140
168,4,266,137
173,16,280,136
166,13,280,138
169,2,275,146
153,0,280,144
152,10,277,133
160,4,279,131
143,16,278,134
151,10,270,142
144,12,270,143
157,7,285,131
153,8,270,137
149,13,270,130
158,0,272,132
152,4,282,141
146,0,284,128
138,16,274,128
138,5,284,136
150,12,283,128
154,4,281,139
152,13,270,133
141,4,275,135
147,3,270,135
140,2,280,126
149,9,277,124
143,1,269,133
144,6,269,135
145,16,277,122
131,12,280,124
128,7,276,124
136,7,285,133
143,0,278,117
127,12,274,127
143,1,282,120
132,0,274,115
128,17,278,117
121,16,273,116
135,16,268,130
136,4,265,122
130,4,269,125
134,10,274,127
122,12,279,119
123,8,268,129
115,9,275,114
122,11,276,120
127,2,269,126
131,16,277,118
128,9,283,124
123,4,268,122
118,14,275,125
121,12,270,111
112,8,277,116
118,15,277,120
122,18,274,122
107,17,273,120
107,16,270,107
123,1,275,123
121,12,270,109
110,10,285,109
119,15,283,109
121,8,272,123
105,2,274,115
105,16,281,110
101,4,280,114
118,7,283,112
114,12,271,105
110,2,274,118
95,0,277,114
115,4,280,106
112,14,269,108
108,7,271,103
119,0,276,108
100,6,269,99
117,17,278,104
109,15,282,112
115,15,282,104
115,15,283,104
107,15,282,100
109,13,269,100
111,0,269,110
100,14,283,110
92,15,277,99
94,0,266,99
98,14,267,103
96,16,274,100
104,10,265,103
104,8,283,111
92,13,276,108
95,7,281,107
105,16,274,106
104,6,283,93
95,2,284,96
94,19,271,96
96,16,270,106
91,0,280,98
91,16,268,95
94,6,271,104
83,3,282,94
95,9,279,96
92,6,267,99
88,12,280,94
98,8,276,93
99,6,276,100
96,16,280,96
93,12,272,100
101,0,283,99
94,17,267,106
88,8,275,107
92,19,283,103
98,4,283,91
96,7,266,93
96,7,279,96
88,2,267,93
98,8,278,91
91,13,268,102
82,3,280,105
83,16,281,94
84,0,280,101
97,11,270,95
88,13,278,90
94,8,270,103
90,19,271,96
93,5,280,92
87,0,272,92
105,10,270,98
99,17,280,95
104,15,279,96
97,6,265,94
108,0,271,107
111,9,277,88
107,4,275,103
109,1,282,100
116,2,277,104
105,3,278,100
119,17,267,101
110,2,270,96
106,15,269,98
117,4,276,101
125,13,269,96
116,15,285,86
127,12,272,95
115,17,279,96
110,19,282,88
120,1,274,103
106,9,281,99
125,7,281,88
106,4,276,102
106,7,283,96
115,16,269,90
116,6,265,90
110,15,279,100
110,11,280,88
104,4,283,101
107,4,270,90
112,0,278,93
100,7,279,96
118,1,283,96
103,17,269,86
117,10,278,86
106,1,271,85
119,13,280,88
112,0,271,87
111,3,269,86
111,6,278,98
109,6,279,92
102,16,280,90
113,14,273,86
99,13,283,88
112,12,270,91
111,16,280,86
111,15,268,91
96,12,274,99
106,12,276,99
111,15,267,89
107,4,272,83
97,6,285,97
107,8,274,83
94,1,283,96
94,11,272,96
89,1,276,89
105,10,277,89
92,1,283,87
87,15,281,96
101,12,271,99
98,6,269,87
102,5,275,86
97,8,278,81
89,1,278,86
97,3,280,84
93,0,283,87
83,2,278,86
101,1,274,92
99,5,276,87
85,0,270,88
86,7,277,96
88,0,277,97
80,10,268,83
88,11,269,81
86,9,280,86
88,12,278,91
92,7,265,96
82,3,275,96
92,14,268,96
94,0,281,83
82,10,267,80
95,11,280,93
75,16,273,81
79,12,280,86
80,4,276,95
95,14,277,84
91,16,272,86
96,1,268,94
97,7,283,88
94,10,267,96
99,11,268,82
87,16,280,86
88,3,271,81
79,7,277,93
82,15,283,88
88,8,283,91
88,6,281,86
92,19,266,96
103,12,270,99
105,2,270,95
109,15,269,94
94,17,273,96
104,12,278,99
103,9,282,97
109,0,272,92
96,8,272,90
91,5,281,88
95,3,271,92
108,6,275,97
115,7,277,89
114,16,278,86
103,11,273,82
108,16,270,86
102,7,276,97
110,1,283,84
99,9,273,82
100,0,267,96
95,3,268,94
98,7,284,88
104,6,271,94
95,3,284,91
100,4,273,83
104,6,276,83
101,4,282,87
104,12,270,91
95,1,274,80
105,1,274,95
104,6,285,94
102,9,271,88
90,12,278,90
104,2,277,91
87,4,276,86
101,16,280,82
96,0,266,89
98,10,283,84
95,1,282,96
92,4,283,95
88,12,274,93
96,7,285,94
102,16,280,84
92,5,270,81
85,12,274,85
94,11,285,77
87,13,283,92
91,0,281,82
86,9,283,90
92,0,279,87
89,4,283,94
88,10,269,96
99,4,274,82
99,16,270,86
92,15,283,93
93,9,280,86
85,10,278,88
96,8,280,86
77,10,275,88
77,17,269,88
87,0,269,94
88,8,270,91
89,10,271,90
87,12,270,81
80,4,266,83
96,11,270,84
80,1,278,90
93,6,280,92
79,17,268,93
83,17,278,86
86,12,282,79
90,5,282,96
75,10,281,81
85,12,266,83
82,17,278,85
81,0,280,84
79,1,268,82
78,0,271,84
84,12,268,94
73,0,270,91
88,9,280,86
75,5,276,81
86,3,284,96
75,0,270,87
89,5,278,90
91,0,273,81
86,0,283,82
84,15,266,93
75,17,272,92
75,8,267,91
72,12,272,91
72,6,265,82
75,0,272,95
80,4,278,86
65,9,269,85
71,7,283,92
68,10,271,82
72,2,269,85
72,3,272,80
68,0,283,91
81,4,274,81
78,11,280,82
63,0,274,80
70,0,279,80
72,6,283,83
72,4,283,77
80,7,277,87
72,2,269,92
68,15,280,88
64,5,278,83
77,3,278,90
63,18,272,82
71,9,276,84
66,9,270,88
74,11,276,91
81,15,282,81
73,0,277,88
66,7,283,77
77,12,276,89
64,10,271,79
76,7,283,82
81,16,276,94
80,4,270,83
81,16,268,83
76,4,265,83
77,2,277,80
72,14,271,96
79,17,268,92
80,0,278,83
61,16,268,87
68,11,277,83
75,15,281,84
74,4,281,82
72,0,274,94
63,12,283,79
70,0,283,93
64,4,266,87
75,0,274,90
64,14,283,88
64,3,267,93
69,12,276,81
76,2,277,77
80,4,274,85
70,6,278,87
78,11,274,86
69,7,278,96
74,11,279,80
84,12,276,87
77,0,282,92
69,17,272,92
84,2,275,97
76,15,283,84
87,2,280,91
73,7,277,84
79,4,271,85
90,8,272,99
77,8,276,84
77,5,276,93
94,14,269,95
88,0,277,96
93,4,275,101
90,3,271,96
88,0,267,99
89,2,270,97
80,8,283,86
92,18,281,87
87,1,280,86
81,12,272,95
84,10,285,92
82,17,282,96
73,9,282,88
89,10,279,85
79,0,265,96
84,8,276,101
92,0,279,84
87,4,274,95
79,0,276,94
96,6,281,101
95,6,285,101
86,15,279,92
81,4,269,92
99,6,273,92
95,14,270,90
96,4,273,94
91,9,272,97
84,9,282,88
80,15,275,90
75,19,280,96
81,17,268,85
91,5,270,99
92,16,278,92
86,11,274,86
91,8,272,95
83,13,278,88
73,0,280,94
87,15,279,86
91,0,281,95
82,7,271,83
88,7,265,92
77,7,281,90
77,7,271,84
88,6,283,99
80,6,279,100
83,5,282,84
89,0,279,92
87,17,267,85
87,11,280,92
72,9,279,93
69,12,276,87
81,6,271,99
81,4,266,99
72,9,271,92
87,7,268,92
80,0,279,83
68,1,274,86
87,0,280,94
70,17,274,96
85,11,271,86
68,7,273,98
68,9,283,93
87,3,277,92
71,17,278,92
75,4,274,89
84,2,270,84
81,16,276,86
76,0,272,97
72,1,277,92
68,14,275,84
82,15,279,96
79,6,273,94
70,7,283,91
81,8,272,90
79,15,275,83
61,9,282,84
71,7,268,97
72,1,282,97
76,11,266,84
80,2,268,91
61,16,276,86
76,15,281,93
75,0,276,86
64,16,277,98
70,19,266,92
77,12,276,101
79,17,269,90
65,14,283,100
77,12,276,86
59,0,269,90
79,13,283,96
79,0,268,95
67,10,282,88
67,16,268,91
63,2,283,98
72,4,283,87
72,6,265,92
69,7,277,101
75,3,283,91
68,0,280,96
60,1,279,97
55,0,273,97
75,0,272,88
68,9,280,92
75,18,281,93
55,7,280,89
68,18,277,92
55,5,267,94
60,0,267,87
66,6,278,83
74,14,280,92
56,8,274,99
52,0,270,86
69,17,281,88
71,6,280,87
67,10,276,94
54,10,265,91
71,3,273,92
73,16,270,91
60,17,279,88
65,2,271,99
60,9,271,99
73,16,272,92
56,4,279,99
70,4,270,83
64,8,274,99
70,8,278,86
57,7,270,89
68,10,281,85
54,5,267,87
60,12,266,97
65,6,265,87
56,8,273,83
71,0,280,90
59,6,270,84
55,3,270,93
63,0,272,96
62,17,281,85
64,8,272,91
53,9,272,98
54,5,272,94
63,11,272,88
56,16,274,87
65,7,281,91
58,8,279,99
61,13,277,90
53,12,270,95
56,4,285,85
52,14,273,96
69,13,272,94
67,0,278,83
67,9,268,95
65,16,272,88
53,12,276,83
47,5,283,88
67,11,277,92
59,2,268,95
56,2,272,87
64,12,267,85
58,5,279,85
52,0,265,96
56,4,283,85
50,12,266,87
52,7,283,97
60,6,277,99
64,12,274,98
52,6,279,83
47,13,270,81
67,13,273,86
59,16,268,94
52,4,277,95
61,16,272,86
56,7,278,91
51,15,284,85
64,11,269,90
57,4,283,92
57,12,273,87
54,19,267,82
49,16,270,87
52,11,277,96
53,1,280,80
50,9,283,82
48,0,270,95
56,6,273,86
50,7,283,94
49,6,270,87
48,8,270,95
49,0,278,97
49,12,268,93
45,7,275,85
63,0,282,86
55,3,272,92
53,9,283,94
62,1,268,88
54,15,279,82
63,17,274,92
48,16,274,99
52,11,273,81
47,17,273,84
50,2,271,91
55,1,278,87
45,3,281,80
43,15,285,83
63,15,280,92
50,2,270,86
55,12,277,88
59,16,276,84
48,16,270,90
61,6,275,81
60,2,273,89
60,3,282,96
58,17,271,93
65,2,273,92
51,0,282,96
48,11,267,91
59,0,272,81
55,17,273,81
64,12,270,87
46,1,284,93
60,7,285,84
45,11,280,84
61,12,270,85
60,6,275,83
65,16,280,86
49,12,271,87
60,0,275,92
58,17,271,94
59,3,280,86
64,6,274,90
48,4,278,91
60,1,272,99
63,13,272,99
62,5,267,86
67,0,278,94
67,17,273,94
52,1,281,84
43,7,283,94
54,15,277,91
51,7,279,89
55,3,267,94
47,1,276,84
64,12,280,84
59,8,270,84
64,0,276,86
45,12,272,92
62,2,272,83
43,16,280,91
48,2,275,87
54,0,275,93
43,17,276,90
49,12,266,99
47,1,267,88
56,0,279,91
58,8,274,97
64,6,280,86
47,0,281,88
63,17,277,85
43,14,281,83
55,9,273,84
43,3,269,94
60,0,282,95
52,8,276,79
64,1,277,92
51,0,283,93
58,14,283,80
61,14,273,84
58,0,277,82
52,12,267,95
52,0,284,91
46,11,270,93
58,4,269,93
56,4,285,94
56,8,283,93
53,4,266,83
43,10,274,95
57,8,278,79
47,11,282,88
58,3,272,86
55,11,267,88
64,12,272,84
59,8,270,79
51,4,276,82
63,10,270,88
59,12,280,82
52,2,271,82
56,6,284,80
48,2,271,87
46,1,283,88
45,5,275,86
64,16,268,79
54,11,281,84
46,16,268,81
60,0,271,96
52,15,269,93
52,15,277,94
63,0,280,90
62,4,279,87
57,8,270,79
69,16,281,80
60,8,276,91
55,9,274,84
63,16,281,84
71,8,280,87
59,9,270,88
71,0,269,88
47,14,276,84
58,12,270,77
52,0,277,92
52,10,281,81
62,0,275,83
50,12,274,89
56,15,274,84
54,7,283,80
52,0,266,87
53,10,277,84
62,1,268,86
59,5,281,85
53,2,283,93
52,12,278,79
60,0,283,83
52,15,276,77
54,16,274,83
60,19,273,93
49,9,272,95
51,1,276,85
65,11,272,87
56,11,282,91
67,16,270,82
50,12,274,79
56,6,273,77
56,4,283,83
48,3,270,75
59,8,277,90
61,10,279,87
52,11,272,92
47,9,282,89
54,17,273,80
64,4,273,82
64,1,278,90
46,11,268,87
52,15,283,80
64,8,276,87
66,4,269,93
56,11,271,93
57,16,272,94
60,19,271,88
68,2,269,83
67,2,273,82
69,11,272,88
67,2,280,89
54,3,282,89
56,12,279,81
52,0,268,92
64,7,275,78
61,4,283,75
51,2,280,82
49,16,281,76
64,3,278,75
71,12,276,80
56,12,274,90
69,0,282,76
67,4,280,83
61,4,270,85
64,3,278,79
61,16,274,87
57,14,285,76
67,3,280,80
58,1,281,92
57,10,267,91
55,11,276,85
67,1,282,80
60,0,283,91
56,4,274,86
55,9,280,77
55,17,272,84
51,16,269,91
52,10,281,79
47,13,277,80
51,12,268,93
50,17,281,85
61,8,278,78
57,6,274,78
65,4,276,82
45,1,274,76
65,1,282,88
46,15,277,88
45,1,280,84
63,7,274,76
50,1,284,83
54,11,273,91
58,1,275,80
59,4,271,77
49,12,268,90
50,4,267,83
56,4,283,88
59,6,275,91
58,14,265,89
58,16,268,93
58,0,271,93
56,18,274,79
47,8,273,90
50,0,268,80
52,4,285,94
61,12,268,77
52,12,273,78
53,6,281,89
52,18,285,79
42,19,277,81
43,0,282,89
58,4,267,79
53,16,272,78
64,3,274,92
49,17,273,86
56,6,271,90
48,6,277,89
48,18,282,90
65,4,276,95
65,1,270,95
52,8,283,82
61,3,273,96
63,15,279,89
62,1,267,79
56,2,279,95
59,16,272,90
58,8,270,93
48,16,276,84
69,0,280,80
66,3,269,85
63,4,282,85
52,5,270,79
61,1,281,82
71,16,282,89
60,16,280,84
58,12,269,88
55,0,275,91
60,3,284,89
51,16,277,90
65,0,281,85
60,0,277,93
58,1,284,87
60,14,285,96
63,16,272,88
65,0,282,95
67,9,272,91
65,0,279,90
54,3,283,93
52,6,275,83
64,13,270,94
64,6,279,93
54,8,270,95
65,16,273,82
56,12,284,91
67,7,269,88
67,15,282,88
65,4,283,91
64,0,267,87
60,0,275,96
56,14,285,84
55,3,281,86
65,15,269,81
59,16,268,95
58,13,279,92
53,14,273,84
55,8,270,79
63,15,280,88
68,12,282,88
65,3,270,82
63,0,274,81
51,11,273,90
64,8,274,88
60,7,283,92
63,0,284,90
62,7,284,87
62,7,268,79
58,19,285,96
57,7,270,84
65,12,274,91
52,9,281,92
56,3,275,89
60,18,285,80
64,13,272,92
54,8,270,95
47,16,270,84
51,7,269,94
60,4,266,77
63,4,270,79
55,8,274,93
59,9,276,90
47,0,280,84
51,15,280,88
51,16,272,87
54,19,273,88
48,8,279,85
49,10,274,79
64,9,277,90
46,11,278,92
57,4,275,93
62,4,285,82
62,12,278,85
56,18,281,87
63,13,285,87
63,17,283,82
69,1,281,88
55,0,274,89
53,13,274,81
60,2,281,77
59,5,276,81
67,16,268,87
52,7,284,83
56,7,267,92
54,13,269,92
65,12,274,95
50,0,275,89
52,15,273,85
54,3,285,91
58,0,271,91
55,15,284,82
59,16,272,91
56,4,273,79
64,16,281,84
48,8,270,79
67,0,272,88
63,11,275,92
47,11,273,90
48,8,279,93
64,4,269,78
64,4,274,93
56,12,267,92
62,11,277,81
64,16,268,90
54,7,279,81
51,0,280,88
61,5,280,86
55,4,277,87
64,8,276,95
51,9,274,85
69,16,272,91
62,7,284,80
60,18,285,84
54,5,270,85
60,18,281,85
68,1,283,83
63,6,274,87
70,8,280,90
67,0,280,80
69,17,280,80
67,16,268,82
62,6,285,95
61,12,276,91
50,0,272,84
67,13,283,90
56,12,274,95
62,18,281,78
67,16,272,88
60,1,273,86
67,0,280,89
58,11,276,77
67,15,278,88
67,0,282,84
52,10,279,93
67,9,277,91
58,15,282,77
65,16,271,83
54,0,284,82
50,0,267,85
50,3,273,92
62,13,281,90
50,2,276,81
65,12,270,82
57,12,276,88
56,2,279,87
56,8,274,83
68,16,276,91
60,0,268,97
69,11,282,85
53,16,272,84
48,13,281,86
67,16,277,88
66,8,270,94
57,11,278,88
56,2,274,95
51,8,271,93
54,12,279,98
54,0,272,96
63,3,267,96
50,0,268,92
69,1,280,93
55,1,281,86
51,8,278,87
53,3,272,84
61,5,273,93
52,0,273,97
49,8,270,94
47,1,269,90
60,18,284,83
54,3,281,82
52,15,277,97
62,3,280,88
66,6,283,97
67,12,270,87
51,3,283,88
49,17,276,94
66,4,283,95
65,12,268,81
59,0,278,88
50,15,269,84
65,8,278,83
61,12,282,91
71,0,275,88
65,15,272,85
51,16,276,95
65,12,274,89
62,6,270,91
67,16,270,84
59,16,280,90
61,8,274,87
54,4,270,79
65,8,280,87
59,16,280,92
56,8,285,91
56,6,283,81
52,4,281,82
63,10,279,93
48,13,270,87
56,14,283,85
67,15,276,94
57,16,274,86
61,4,283,81
60,15,267,96
47,15,277,88
63,12,274,90
67,0,283,88
60,14,283,93
58,11,267,82
65,12,268,93
65,8,271,95
56,4,284,80
60,6,271,80
52,3,280,87
55,19,267,94
59,12,272,97
52,0,271,97
64,8,269,97
52,0,281,96
56,9,272,92
54,19,279,96
67,16,274,86
56,4,281,95
64,8,281,92
54,7,284,97
64,12,277,99
52,11,275,98
54,3,283,97
60,4,267,85
51,8,271,82
59,16,281,92
60,8,271,99
65,4,277,86
69,13,281,92
64,8,276,79
58,12,282,93
47,5,269,94
51,12,272,87
68,2,266,90
58,7,268,85
67,0,279,94
67,19,283,84
57,16,272,84
67,0,273,93
52,15,279,94
60,0,277,86
56,4,277,88
64,4,285,80
60,2,283,93
64,6,278,82
52,10,271,87
47,17,280,94
58,2,274,85
66,8,266,91
62,10,285,99
67,13,277,94
65,8,275,99
56,8,271,95
66,4,276,86
49,2,279,92
56,6,281,83
65,8,272,87
65,11,272,88
70,1,277,90
65,16,274,96
55,1,280,98
69,11,282,96
59,12,274,93
50,17,274,97
64,1,270,95
67,8,274,91
69,12,274,91
51,0,269,98
67,0,268,92
59,16,280,96
67,1,274,91
49,10,269,98
57,2,267,86
61,4,276,95
67,0,281,89
58,19,283,96
58,19,285,93
66,11,274,96
51,5,278,92
58,15,276,90
66,16,277,95
58,19,267,88
50,12,268,93
55,17,282,84
64,8,281,83
61,6,285,82
64,8,270,99
49,16,268,90
56,14,271,85
67,14,277,92
49,4,276,94
59,16,280,84
63,4,267,91
65,2,270,84
67,17,267,91
63,15,278,89
65,13,270,86
51,13,273,92
61,1,270,79
65,9,278,87
65,8,277,90
51,13,276,86
63,2,279,94
52,4,273,80
56,2,265,96
52,7,271,96
56,2,285,96
51,1,284,83
62,9,276,93
54,0,283,96
54,19,268,80
67,0,283,92
55,11,267,96
46,7,278,83
61,6,284,93
65,8,271,90
55,0,277,90
60,7,267,92
64,4,274,87
56,4,270,77
65,13,274,83
63,10,268,80
57,0,283,87
51,4,285,79
51,4,278,93
64,12,271,93
54,15,283,96
63,2,282,92
61,12,278,88
47,16,280,86
48,12,270,87
57,4,281,93
64,0,280,84
55,17,267,93
67,17,283,80
52,8,280,80
64,0,280,86
58,9,274,87
56,4,267,95
61,8,281,91
52,4,267,96
56,15,278,96
47,16,280,79
58,15,269,94
53,4,279,79
64,6,283,96
58,17,268,88
57,12,274,89
66,3,282,80
57,4,274,77
64,8,275,92
55,15,285,91
71,0,283,90
58,17,267,85
63,15,275,92
63,4,270,81
64,9,278,79
77,4,276,79
72,4,271,83
75,0,279,91
65,6,281,79
64,1,276,83
71,0,268,92
68,15,277,80
77,0,277,78
77,17,282,88
64,2,277,86
73,0,283,82
62,0,280,77
77,1,268,82
75,17,273,90
67,14,277,88
76,3,272,88
79,13,280,89
69,4,276,83
66,6,269,82
59,0,280,84
67,16,272,78
69,12,270,93
62,0,285,91
62,0,282,80
78,1,276,81
71,5,281,84
71,14,278,79
68,3,267,81
70,7,283,78
72,2,266,77
75,5,273,84
59,11,274,88
64,1,273,78
69,0,269,80
62,11,277,86
63,15,283,76
69,2,280,82
61,16,281,82
59,12,275,93
60,1,272,85
60,1,275,91
64,7,270,82
68,15,281,80
59,16,268,87
60,6,285,91
56,6,267,93
68,0,275,91
65,12,272,78
67,12,270,75
66,7,285,93
66,12,270,91
60,6,283,91
61,16,280,78
69,3,278,84
73,14,281,81
64,10,272,89
55,0,268,88
71,7,283,88
71,14,272,92
57,4,279,85
56,12,273,93
63,11,278,88
64,8,281,87
63,6,279,90
65,4,285,75
61,6,269,91
64,0,276,85
53,12,280,84
57,16,273,78
59,12,270,83
62,12,283,91
56,19,285,83
64,16,273,91
60,0,284,77
67,15,270,88
61,8,283,77
56,6,283,93
62,14,284,96
69,16,274,84
61,1,274,95
61,11,274,79
62,0,281,78
59,8,268,93
66,9,276,81
56,16,269,86
57,2,271,82
63,15,268,80
55,17,276,81
54,13,272,84
48,12,270,81
62,19,284,88
56,12,280,83
65,5,282,82
65,2,277,80
63,12,276,79
66,7,269,92
56,4,279,78
60,15,270,78
71,16,276,91
68,10,283,80
69,5,281,80
56,11,283,92
70,0,283,80
68,2,281,75
58,8,279,79
55,16,274,78
71,1,271,78
59,11,272,89
75,11,282,81
55,13,281,82
71,4,276,78
79,3,281,76
57,7,282,88
57,11,278,76
72,4,271,79
60,12,272,85
68,13,284,88
57,0,269,84
69,9,271,88
60,3,282,91
63,3,272,77
60,14,285,79
59,0,273,77
68,2,283,91
59,1,276,87
75,13,283,88
67,11,269,84
57,16,282,82
75,12,276,91
64,7,271,79
66,19,268,91
75,4,276,91
69,9,276,87
58,12,276,77
60,11,277,90
74,0,280,86
71,16,272,79
72,14,281,91
75,15,269,81
65,12,270,77
63,15,277,78
63,9,268,89
57,4,281,79
68,1,269,86
75,13,267,82
73,0,283,81
64,15,277,78
71,17,277,89
66,12,271,91
55,17,282,82
65,2,274,77
69,13,270,91
59,0,282,89
67,18,272,81
57,12,283,91
55,17,277,82
69,8,271,95
55,10,273,93
60,1,281,81
64,10,267,85
60,17,283,87
71,15,274,88
71,10,272,88
64,14,280,88
67,1,272,91
69,11,270,80
53,0,279,87
68,12,279,79
67,4,279,80
69,6,280,86
54,10,271,90
62,15,282,93
64,1,280,79
58,16,273,79
53,7,283,93
65,12,277,83
69,8,282,78
71,9,276,84
59,3,273,86
61,15,278,80
65,2,282,84
71,0,279,85
54,7,276,83
52,11,267,90
55,6,282,84
54,19,273,91
66,14,280,84
61,8,275,83
56,1,276,81
47,16,271,86
53,4,283,91
61,8,276,91
67,6,278,82
45,17,282,84
64,10,278,79
60,2,275,82
50,4,266,77
53,3,281,84
52,1,269,90
63,12,276,91
56,8,283,87
67,16,272,77
53,12,272,86
64,4,285,93
59,13,270,87
62,15,283,83
67,6,280,79
59,1,270,79
59,16,268,83
52,10,265,78
64,16,280,82
56,4,283,87
64,4,274,85
61,8,278,86
47,7,280,78
54,3,272,89
58,6,285,87
56,0,269,81
61,12,278,75
49,0,267,80
59,9,274,91
57,16,270,78
49,12,277,78
51,17,281,88
54,1,270,79
49,4,277,79
57,8,276,83
57,0,278,79
53,9,278,78
64,0,272,84
63,1,272,86
58,0,283,84
55,11,272,80
48,10,274,87
46,0,282,89
48,8,276,87
59,5,270,80
52,7,268,85
49,8,276,75
43,3,272,79
57,11,282,76
58,8,266,75
52,6,285,75
56,7,271,91
48,7,267,87
44,15,277,75
51,16,277,80
46,4,281,82
45,12,274,79
56,14,265,88
47,15,280,76
47,8,281,79
39,9,281,82
44,6,269,79
53,13,268,75
56,12,272,87
44,10,273,89
42,11,283,75
47,10,282,84
58,1,270,79
55,3,272,78
54,11,274,79
52,0,281,77
54,17,284,84
52,1,278,77
49,6,283,75
53,2,269,86
56,4,277,74
52,7,273,90
44,2,285,90
52,11,271,89
43,16,270,79
48,12,270,91
49,6,283,91
52,6,280,86
55,10,280,88
55,15,281,78
38,5,280,78
49,6,282,76
58,3,272,82
45,12,271,79
39,0,275,88
59,0,276,76
53,3,281,76
61,12,270,78
44,15,271,81
59,3,280,91
42,1,281,73
63,13,269,81
59,6,280,78
55,19,267,89
51,0,272,77
52,6,283,90
64,12,272,82
60,5,270,87
57,5,270,77
58,17,267,76
47,12,275,84
64,10,270,79
56,0,273,76
54,3,274,86
59,15,268,80
55,12,268,91
50,13,279,86
64,9,272,82
59,0,269,77
50,13,269,81
63,0,283,78
58,19,276,78
43,0,279,84
52,14,285,75
46,19,280,87
63,15,281,88
61,2,272,86
43,7,282,88
50,15,273,84
50,1,276,87
49,0,266,84
56,10,266,85
64,0,276,75
61,1,271,81
61,0,267,82
61,2,285,92
57,14,285,84
63,0,279,88
54,12,267,89
66,17,270,80
47,15,279,78
64,8,276,84
59,0,268,90
60,4,277,87
64,9,273,91
47,2,280,80
47,8,273,85
43,11,282,76
59,4,271,92
52,7,283,92
47,0,281,83
48,15,283,85
43,5,278,82
63,15,270,89
52,10,275,87
54,15,275,91
62,10,274,87
50,1,267,85
54,0,277,85
56,4,282,91
51,2,280,79
46,3,283,84
46,11,269,89
43,17,269,90
49,14,272,86
49,16,268,83
48,12,283,91
54,11,278,80
53,12,268,90
50,3,284,88
43,0,282,89
55,0,280,78
45,12,280,87
60,18,276,82
64,17,278,78
48,12,270,75
52,9,274,87
49,13,272,88
53,3,280,84
63,10,277,88
56,16,277,84
50,16,280,86
60,4,274,87
59,16,281,79
61,9,267,77
60,8,268,91
53,10,281,77
55,16,272,84
60,7,275,84
54,0,281,91
58,11,279,92
59,10,274,91
50,17,274,91
64,16,272,94
47,1,275,88
54,0,269,92
54,13,277,93
55,1,277,90
45,7,283,82
56,12,275,95
52,2,283,95
64,16,280,86
56,4,279,85
50,12,271,85
67,6,281,84
67,0,269,82
65,16,271,79
52,7,275,89
58,0,267,91
56,6,277,96
50,6,283,94
56,12,283,93
50,0,277,91
50,3,280,80
54,11,284,92
64,11,281,86
59,12,276,84
61,12,270,83
58,12,279,81
56,4,267,79
48,0,270,87
62,0,283,82
62,7,277,96
61,14,269,97
65,16,270,87
61,2,277,87
60,19,273,97
67,5,278,99
57,16,270,98
52,2,269,91
65,4,274,95
48,11,277,95
58,7,267,96
52,0,275,91
63,2,283,83
58,7,285,97
59,12,278,86
58,0,274,95
49,8,272,84
52,17,275,83
47,1,282,84
51,5,278,84
69,16,272,94
58,14,285,99
65,8,277,83
67,13,270,83
58,5,279,99
57,4,285,98
54,4,271,89
64,12,276,95
57,0,283,92
61,2,279,99
63,2,268,94
63,1,278,94
61,15,283,97
50,11,278,85
55,3,284,96
60,0,273,94
67,4,278,99
52,4,275,101
52,7,283,91
60,19,273,96
61,13,280,87
58,6,279,97
60,19,269,98
61,16,280,94
60,1,279,97
51,17,275,89
59,9,272,99
67,1,274,101
62,10,285,87
58,19,276,92
58,17,285,88
67,11,277,89
61,17,276,92
59,13,276,83
56,10,285,96
67,16,278,92
56,6,285,83
56,7,275,97
54,12,278,95
58,4,285,84
56,4,273,96
54,5,283,89
67,16,273,92
60,6,281,99
62,10,285,97
59,12,276,96
49,0,282,95
58,19,283,86
67,11,275,97
53,15,283,97
47,7,280,86
49,6,281,90
61,11,280,93
63,12,272,83
50,11,283,90
53,8,274,101
54,15,282,92
64,8,278,87
65,4,274,88
56,2,279,92
64,6,281,99
56,0,285,84
65,12,268,91
52,17,284,93
49,12,281,92
62,1,271,98
66,15,286,100
69,9,274,93
68,3,276,94
51,1,273,90
54,1,279,99
65,10,267,100
65,4,285,91
62,7,281,90
54,17,284,100
55,15,281,102
55,16,269,95
58,12,270,97
62,6,269,96
65,4,283,99
56,4,279,97
56,6,283,95
64,1,268,99
60,2,276,91
55,9,272,84
62,9,267,92
66,12,268,101
50,7,268,86
61,10,279,87
63,4,266,94
64,4,270,97
56,16,270,93
56,15,267,97
65,16,272,86
56,0,285,97
62,19,269,87
71,1,280,95
69,12,270,92
62,14,285,100
60,6,273,101
69,16,270,92
56,2,273,87
63,6,283,89
59,12,274,85
65,6,285,85
56,8,267,99
55,16,273,86
52,8,277,99
51,3,275,88
60,7,267,98
64,9,267,99
68,12,268,91
62,15,280,96
69,4,268,99
56,6,283,83
56,3,267,87
60,19,281,85
65,16,272,94
66,2,285,89
56,7,277,92
58,0,269,99
58,4,271,81
67,0,280,88
55,8,273,91
66,10,285,82
62,11,280,87
54,15,269,96
51,0,279,94
68,0,277,96
62,5,282,81
70,13,277,94
57,8,268,98
65,10,275,83
63,1,268,84
63,15,279,84
57,12,273,87
57,10,275,88
57,0,281,87
68,3,280,83
62,12,267,81
63,18,275,82
67,8,275,92
56,7,283,85
54,11,276,87
64,4,274,87
70,0,273,84
70,16,278,87
64,7,275,90
64,15,283,90
67,11,280,94
56,0,269,83
64,14,284,96
67,12,280,94
56,7,273,91
61,4,279,79
51,12,275,81
60,0,283,86
60,11,281,81
65,7,270,88
47,7,277,96
61,6,282,92
61,16,276,94
56,4,270,83
64,4,280,89
54,0,279,89
54,12,275,89
54,19,283,88
55,6,269,92
67,10,269,84
49,8,270,79
54,1,278,91
52,5,278,94
47,12,281,86
64,16,276,79
59,8,282,79
62,0,275,95
53,12,283,77
52,15,285,82
46,7,271,84
59,8,276,95
65,11,269,89
59,0,268,85
56,2,283,79
63,8,270,89
60,4,270,83
48,2,269,93
54,19,282,82
64,16,270,91
50,7,283,90
47,1,285,82
52,9,277,80
52,3,276,80
52,0,279,88
58,9,272,89
50,15,283,91
61,0,277,80
62,15,275,78
63,5,284,88
57,7,285,94
64,6,270,82
59,14,283,84
64,13,273,84
50,12,282,91
46,13,283,91
43,4,274,87
56,8,271,93
49,4,271,95
59,12,272,83
59,17,282,88
59,2,278,79
56,12,270,77
44,2,269,91
49,6,266,92
46,1,279,88
59,15,279,82
60,8,280,86
47,0,272,80
47,7,281,80
46,15,271,80
41,15,272,88
43,1,281,76
43,16,276,84
52,8,274,75
42,12,268,91
47,14,267,91
61,17,273,80
57,13,280,84
48,12,271,83
56,6,285,87
48,1,274,87
44,15,272,86
48,13,274,78
56,12,276,79
45,6,276,73
46,1,280,78
58,0,279,86
57,8,276,87
53,11,280,76
64,16,274,78
48,1,270,73
55,4,270,82
47,11,274,89
47,13,267,88
61,1,270,75
55,16,268,87
47,17,273,80
56,9,268,79
61,8,270,77
50,12,271,91
48,10,283,77
63,17,278,77
52,12,275,93
47,7,270,83
58,10,282,91
46,3,284,78
48,4,276,85
51,1,276,86
65,13,272,88
64,8,274,76
45,5,277,78
57,13,282,88
61,4,278,83
48,8,266,91
52,4,275,92
48,11,269,87
45,16,272,80
57,12,276,79
43,7,273,80
50,0,271,88
55,1,269,85
41,2,278,88
47,13,269,82
54,1,284,89
50,7,267,84
60,6,270,78
43,0,276,81
44,15,267,87
55,14,280,76
48,4,267,91
56,0,267,80
54,0,267,82
51,11,283,81
61,12,270,83
52,1,284,84
47,15,284,80
54,0,280,82
63,3,269,89
52,17,283,87
57,10,276,91
56,4,271,85
60,9,273,84
58,9,284,90
46,4,271,77
48,12,270,86
57,6,273,92
46,4,269,92
60,15,275,80
64,0,278,79
61,8,272,93
58,8,271,91
60,3,279,93
51,17,276,85
61,1,280,78
51,16,277,84
51,13,268,94
64,0,278,75
53,12,269,83
65,4,267,77
56,8,276,85
67,8,276,78
63,13,269,88
51,1,280,80
55,1,274,86
65,0,276,75
68,8,278,93
68,8,276,82
67,8,274,78
65,12,270,87
62,15,283,92
57,4,280,79
69,8,274,87
69,13,270,91
58,15,277,90
59,15,276,88
58,4,275,95
57,4,285,75
65,2,278,78
67,1,281,88
60,7,267,93
65,12,270,83
61,12,270,95
64,6,283,80
53,12,268,87
52,14,269,93
69,0,269,78
61,11,272,88
64,7,285,75
52,6,285,83
60,6,271,79
59,4,269,89
63,6,279,89
64,4,267,93
56,11,284,90
61,1,272,95
64,11,272,93
54,3,279,91
58,4,271,75
59,16,276,82
55,9,280,79
55,9,273,81
62,6,267,79
49,12,274,89
62,18,282,90
67,0,282,76
65,16,280,86
62,14,283,89
65,1,272,79
57,1,272,87
65,2,280,79
66,9,280,82
64,3,278,86
53,9,270,84
47,15,276,80
62,12,272,87
58,4,279,93
55,8,268,87
51,5,278,80
54,15,283,92
47,11,283,85
58,0,284,82
52,1,268,87
59,13,283,90
60,12,270,79
67,15,268,89
49,12,266,77
63,16,277,84
56,4,269,96
56,2,267,80
60,19,275,88
67,12,276,81
63,13,280,92
68,8,271,95
62,12,270,90
70,2,270,83
69,14,269,92
64,13,280,84
57,12,272,86
72,6,283,95
73,1,280,87
69,9,281,92
60,11,279,92
71,13,275,84
69,12,274,95
62,1,272,83
75,11,274,84
69,12,270,93
63,0,273,92
55,3,274,85
66,3,283,80
62,0,283,85
58,0,281,89
54,6,279,82
62,12,274,85
66,6,282,89
69,5,280,79
71,14,282,88
59,0,272,88
55,11,273,92
67,5,270,88
58,0,272,82
64,8,275,95
64,0,285,91
60,11,281,80
66,1,278,91
69,12,276,79
56,14,283,91
69,3,270,90
66,15,285,81
67,0,270,82
62,16,272,88
64,4,273,78
63,13,269,90
51,17,280,88
71,1,277,81
58,0,274,91
66,12,270,79
52,7,267,91
58,6,279,83
68,10,270,75
55,15,283,81
67,12,270,93
58,19,282,82
64,8,274,79
56,12,283,89
65,13,281,88
53,3,270,91
66,1,280,75
69,0,281,84
67,3,283,80
62,12,274,79
63,12,284,89
60,0,285,87
54,0,274,79
50,12,277,78
60,6,271,91
57,7,277,91
62,6,271,89
56,7,283,91
48,11,285,89
50,4,276,87
54,1,273,93
56,6,285,91
57,2,269,83
64,10,273,80
67,9,272,84
64,0,280,86
73,2,275,87
72,2,267,92
63,8,284,93
57,4,273,82
59,0,284,80
63,8,277,75
64,0,270,84
78,1,277,89
71,19,279,79
67,9,284,88
65,15,283,88
70,12,284,91
69,14,274,88
64,12,274,79
64,3,285,85
76,5,284,77
62,19,280,79
63,16,269,85
69,4,272,91
67,9,278,78
77,16,284,80
79,0,276,84
71,11,285,89
67,6,269,88
65,0,285,89
76,1,274,77
57,13,270,82
73,4,283,87
59,8,282,91
65,0,267,77
58,12,276,75
69,15,283,81
73,9,278,89
71,9,279,85
67,8,271,81
69,8,282,93
60,12,279,91
71,3,272,80
55,14,272,81
71,16,280,80
69,3,278,86
59,13,282,88
61,2,275,88
63,19,281,81
55,6,272,80
55,13,283,76
71,9,269,83
68,0,267,75
60,0,271,85
60,11,267,88
57,11,274,93
60,11,273,78
51,12,277,79
64,4,276,86
55,14,280,84
68,9,276,83
60,12,271,91
62,18,285,77
50,15,273,76
65,17,284,80
61,6,272,84
67,9,277,89
52,0,281,89
56,8,283,79
59,8,269,92
60,15,280,87
67,11,274,87
54,17,276,84
64,12,278,81
66,17,283,88
66,8,270,91
49,10,276,87
56,3,269,92
56,12,266,87
56,15,279,90
58,7,277,82
50,4,270,91
58,9,280,78
63,1,282,89
52,8,283,79
56,3,280,90
61,7,273,88
63,17,272,88
58,1,280,79
59,2,270,89
61,12,270,87
63,13,283,79
65,4,267,75
62,6,267,92
62,6,283,92
60,19,274,88
69,16,270,91
56,6,283,82
64,2,276,83
64,15,272,76
67,1,277,82
67,13,272,88
48,6,278,79
63,3,283,80
56,6,285,93
68,16,270,83
68,8,276,93
56,12,271,92
69,0,276,82
69,8,280,82
62,4,271,96
68,0,283,89
63,8,274,85
59,6,270,86
53,11,272,88
63,0,285,79
63,0,267,80
56,19,274,91
64,11,280,86
62,8,271,93
59,9,272,80
50,11,285,80
53,9,278,84
55,13,282,90
59,6,273,84
51,12,271,83
54,1,284,92
58,3,283,91
63,9,275,80
58,11,272,92
66,8,278,79
64,2,273,89
64,0,273,88
54,11,279,96
69,9,272,82
67,9,272,88
51,3,285,88
60,2,285,89
62,12,267,95
51,1,284,84
58,3,285,96
56,2,285,92
55,8,274,95
59,16,272,84
59,12,267,95
50,0,283,80
57,0,283,92
63,3,270,81
54,15,267,93
61,15,273,84
60,9,269,83
64,12,274,86
49,12,270,94
60,6,283,91
56,4,283,79
56,0,269,91
46,3,279,92
56,6,285,94
64,2,280,84
55,17,271,92
47,16,282,80
46,2,276,79
47,16,276,86
54,15,283,80
58,4,274,95
64,12,273,79
53,12,272,92
65,0,274,93
60,6,285,91
62,0,275,79
58,12,282,95
51,17,267,84
66,3,280,95
60,10,270,95
56,4,267,79
67,8,271,86
61,15,281,82
67,14,275,80
66,12,270,82
57,12,279,77
52,17,282,80
47,7,276,84
61,5,273,91
67,1,280,95
50,8,271,97
64,4,269,79
64,4,285,85
64,1,271,97
56,4,280,79
64,2,280,82
51,5,278,94
64,8,271,95
64,8,269,87
65,1,272,93
58,19,286,96
62,15,279,82
66,0,280,96
52,11,269,81
55,16,278,86
61,3,285,96
63,7,269,92
49,16,282,87
62,10,285,98
67,9,280,87
57,10,276,84
56,8,274,98
49,16,272,92
64,4,279,95
65,12,271,81
47,15,282,94
64,10,280,86
50,4,270,95
66,0,280,86
63,1,283,93
64,12,278,93
56,3,269,93
64,12,272,89
55,9,281,83
62,15,283,93
64,2,273,95
46,8,278,79
50,3,277,86
47,13,278,86
60,7,274,81
56,3,275,86
54,15,283,83
45,16,282,80
56,9,273,79
61,2,282,88
47,5,281,83
59,12,270,79
60,4,275,93
56,4,268,90
59,7,280,84
56,10,267,84
47,11,280,96
63,11,280,92
48,16,276,95
56,11,267,85
59,13,270,82
56,8,273,79
58,6,279,91
46,7,269,80
47,5,276,80
52,0,280,93
46,7,275,85
43,17,281,88
56,7,277,91
54,1,280,96
57,12,272,95
56,10,271,79
52,12,267,79
56,2,277,92
61,9,276,87
63,16,282,88
53,12,281,95
59,17,276,92
49,13,276,86
50,2,274,80
56,2,269,83
57,0,267,95
54,12,276,91
44,10,267,96
59,14,278,84
41,11,270,87
46,15,267,93
51,3,273,84
41,18,283,88
59,9,272,81
48,7,267,92
49,8,270,89
55,9,272,78
39,0,282,90
49,14,279,92
41,0,272,88
53,7,270,89
42,1,278,84
43,0,281,84
57,16,268,95
44,15,284,93
51,2,280,79
49,3,280,83
41,16,274,83
49,6,269,90
56,8,283,80
56,16,272,91
56,4,267,79
57,12,274,79
49,12,268,93
46,6,282,87
55,16,270,84
58,16,271,86
48,4,274,83
49,4,282,91
56,2,269,77
58,17,284,89
44,12,275,82
63,13,278,84
56,11,274,84
53,5,280,87
61,1,272,95
56,12,270,87
51,18,282,80
48,2,275,95
60,4,275,89
59,8,274,86
64,13,272,86
48,3,276,95
57,1,282,88
52,7,277,93
51,12,275,97
66,17,284,84
65,4,274,91
52,6,283,97
62,11,280,85
46,16,280,94
60,10,279,89
62,1,273,97
56,11,274,90
61,1,276,90
57,0,270,91
56,5,274,86
64,8,271,83
49,17,281,92
65,10,274,84
51,8,276,90
51,5,272,84
51,5,284,89
61,2,269,81
58,1,278,87
69,16,272,86
61,2,281,82
62,15,276,91
58,11,270,91
63,0,269,96
73,16,272,86
64,11,267,99
71,10,281,90
73,16,272,86
61,8,276,99
71,1,273,86
63,1,282,94
55,15,285,96
55,3,283,85
54,17,284,96
63,6,281,88
66,3,271,93
62,8,274,91
75,10,280,88
72,0,284,89
61,10,278,79
59,9,277,92
75,0,280,83
73,12,282,99
71,11,283,92
60,7,283,90
63,0,267,96
60,18,269,96
67,3,277,86
64,16,277,86
66,17,271,83
75,9,272,88
64,11,273,90
55,11,268,97
71,17,270,89
59,16,276,90
73,12,280,90
74,0,273,95
59,13,274,85
70,0,277,96
71,13,284,88
74,12,270,89
77,1,269,94
57,0,281,94
77,17,269,93
69,4,268,87
73,1,274,95
59,0,276,88
55,5,277,81
74,1,276,85
60,8,283,95
62,10,270,86
61,9,270,85
53,16,280,84
57,12,275,83
60,15,281,81
61,4,277,84
65,5,275,92
61,13,275,84
57,0,277,91
71,13,281,82
66,8,271,82
66,15,283,87
71,5,276,93
57,0,280,86
67,0,272,90
71,16,276,83
58,1,277,88
62,11,275,79
62,7,277,87
62,12,275,97
66,19,283,93
65,7,274,92
62,15,285,90
54,15,268,90
71,2,280,84
59,15,283,84
55,8,271,83
68,2,279,95
55,12,272,79
60,15,275,83
53,12,270,87
56,2,285,79
56,7,277,93
64,0,267,91
60,0,276,86
47,0,285,92
60,6,278,87
51,1,269,82
47,11,280,80
67,11,272,84
65,2,271,79
64,3,273,79
53,1,278,91
64,16,278,91
56,6,269,87
57,10,267,89
67,16,277,80
60,7,284,96
63,17,283,85
59,12,270,93
52,18,285,89
55,0,268,89
46,0,267,89
54,0,271,91
49,6,283,89
62,4,271,83
50,0,272,86
65,17,280,92
57,16,275,88
65,12,274,79
56,4,278,95
50,4,273,91
51,8,275,81
61,12,279,91
58,0,278,85
63,17,277,80
61,4,285,90
48,2,269,95
57,6,275,94
49,12,278,85
57,4,283,95
54,12,276,77
58,19,284,83
59,3,273,90
50,13,275,86
55,8,283,85
58,10,267,83
61,15,272,89
58,4,267,94
48,2,285,85
46,15,283,86
56,16,276,91
52,19,271,80
49,9,274,91
59,10,270,81
47,0,272,93
60,2,275,88
56,0,283,87
52,15,278,80
53,4,270,82
41,2,282,80
46,0,273,85
59,12,270,85
56,4,269,81
48,2,274,90
64,16,272,84
52,6,270,90
57,17,270,84
57,10,274,95
52,7,275,90
58,1,283,80
54,19,267,80
61,8,270,79
60,6,285,86
47,15,276,91
64,6,274,79
58,16,280,86
64,4,271,89
60,16,270,84
53,9,271,77
61,6,280,88
46,17,272,82
65,17,281,90
63,0,278,83
52,0,279,80
53,4,274,91
45,9,277,93
46,16,268,77
50,15,284,80
54,12,279,87
61,14,273,88
56,15,277,91
67,16,270,81
54,0,280,81
56,6,267,89
61,4,270,85
65,16,273,84
52,4,275,81
51,6,285,81
56,8,276,95
59,3,278,81
47,7,282,89
62,8,278,95
50,4,277,94
66,8,278,84
67,16,272,88
64,0,280,95
53,8,274,95
59,12,278,85
53,5,269,80
49,13,270,92
57,12,281,87
56,1,283,83
47,11,281,91
47,1,274,95
61,12,276,91
54,17,278,93
55,1,272,88
54,11,277,96
67,15,268,88
45,9,282,84
47,7,275,81
43,3,283,90
55,3,272,84
61,12,280,79
61,14,285,96
53,0,272,86
53,16,268,87
63,18,284,93
57,8,281,83
68,3,284,100
64,12,274,91
68,7,268,99
60,17,271,88
59,14,277,94
69,17,274,92
59,1,268,87
69,17,284,91
69,16,272,84
73,16,270,86
60,8,278,97
71,16,276,92
72,4,279,101
75,11,275,92
61,6,285,92
72,15,283,89
56,1,276,95
71,10,280,98
68,6,266,99
59,4,279,95
67,8,267,85
70,12,276,87
60,7,277,99
60,14,267,96
62,1,272,96
58,0,279,83
71,16,278,84
67,1,280,92
51,15,273,95
71,4,280,98
70,16,276,94
60,0,280,96
70,14,283,92
57,8,273,92
72,11,283,96
77,13,271,94
68,15,277,87
77,16,282,84
72,4,283,87
60,0,285,90
77,3,284,97
75,13,270,96
57,16,280,92
66,0,270,86
63,11,279,86
77,17,284,95
66,12,278,87
68,15,275,99
75,15,269,96
65,16,281,86
68,18,285,96
66,16,270,99
61,0,273,96
77,0,273,90
77,3,272,86
65,16,277,92
64,12,283,83
77,0,276,90
73,10,280,83
62,1,283,97
62,13,283,88
73,13,270,83
68,7,281,91
68,0,275,97
62,0,270,96
69,4,267,83
65,16,277,95
69,7,279,96
67,8,279,91
70,8,282,90
68,19,284,88
56,13,271,81
63,14,284,94
73,16,274,91
58,0,285,95
71,15,269,90
56,8,276,91
59,13,276,91
61,2,285,91
56,6,283,99
56,6,271,83
61,4,270,83
71,0,274,93
56,0,268,92
56,12,268,99
62,8,285,94
72,8,271,95
64,4,287,98
64,6,285,85
63,19,267,96
69,16,278,92
65,4,274,85
69,4,285,96
60,7,273,96
60,10,283,88
63,7,268,97
54,15,268,97
55,0,280,90
61,3,272,90
71,1,282,84
60,18,279,97
70,3,285,89
60,4,275,97
70,1,280,90
71,12,281,84
64,0,267,96
56,4,283,83
62,2,281,84
60,3,284,88
63,0,277,96
54,0,285,92
67,12,277,88
62,8,279,85
53,8,268,95
64,0,280,86
69,16,282,84
52,2,269,98
52,14,277,96
51,0,269,92
62,6,281,97
66,1,274,94
67,8,272,90
54,17,285,90
64,9,281,90
57,2,278,95
59,8,271,99
51,0,280,95
55,4,277,95
64,1,270,91
65,12,281,83
59,9,282,86
66,1,280,91
66,9,278,98
65,12,276,99
59,0,280,83
51,17,271,85
66,12,276,85
60,15,271,96
60,13,281,90
60,7,275,91
52,12,277,97
55,3,270,92
51,16,280,87
52,0,268,86
60,17,271,82
59,8,277,90
47,16,274,92
65,0,270,91
64,13,276,79
48,19,279,86
64,10,277,91
60,4,269,81
64,4,267,95
65,9,276,91
55,7,272,88
50,0,267,89
52,4,268,97
47,13,275,86
49,8,278,79
61,9,284,83
56,10,285,96
67,0,282,88
69,17,275,84
61,10,269,96
64,16,282,86
58,2,271,81
60,11,269,96
49,16,271,86
63,0,271,87
52,8,270,91
63,8,281,85
49,4,273,91
60,10,269,85
45,5,280,86
63,0,279,96
58,4,286,91
57,0,280,84
43,15,271,90
64,0,272,92
61,17,275,84
62,4,276,83
57,4,273,86
52,10,282,96
51,7,280,86
59,8,272,92
48,0,272,90
64,8,280,82
55,12,276,97
48,15,278,96
63,0,275,92
43,5,283,78
51,17,280,80
42,0,282,92
55,5,275,92
56,4,267,95
59,10,270,95
51,2,285,95
55,8,268,91
64,14,280,82
57,14,286,96
49,1,282,79
51,0,281,84
43,16,280,94
47,7,277,90
63,7,281,90
63,16,273,86
58,15,283,84
41,1,280,84
55,3,274,84
57,1,276,92
55,15,280,92
42,16,277,84
48,12,271,87
50,12,276,91
52,6,283,83
48,8,278,81
55,11,274,86
56,6,273,79
48,11,284,96
64,8,277,83
56,12,267,92
51,3,283,84
51,0,276,90
64,2,280,99
56,8,285,93
47,0,277,88
53,10,272,88
62,6,277,92
54,0,274,82
66,9,278,88
62,0,276,82
60,6,269,86
62,12,275,95
62,15,269,91
55,15,272,84
71,16,282,86
68,4,271,79
68,0,277,83
60,3,281,97
63,17,270,88
62,8,274,81
68,4,271,85
63,19,268,97
57,12,272,97
59,0,283,88
75,11,277,92
65,10,267,93
75,0,275,92
51,0,275,92
60,1,276,98
58,0,271,95
64,9,276,98
71,16,272,88
72,8,276,98
57,1,272,90
68,2,274,95
67,4,278,99
58,4,275,85
73,0,285,96
68,8,287,96
72,10,276,100
57,12,272,87
63,15,281,88
66,8,274,95
60,8,275,98
68,2,285,87
56,1,273,98
62,17,269,98
54,13,270,86
75,0,272,88
62,19,281,83
53,7,283,88
62,0,270,90
62,19,271,88
69,12,270,99
66,5,272,92
67,16,275,92
68,8,274,84
64,8,270,83
60,12,271,99
54,1,285,83
70,0,269,95
67,9,280,86
57,15,272,94
64,16,270,83
63,8,272,99
61,8,280,91
71,15,283,85
59,4,276,88
71,11,273,94
64,10,278,87
72,8,279,85
56,12,274,81
60,15,283,97
74,13,276,92
68,6,283,86
65,14,285,99
69,9,281,94
60,12,282,85
55,17,283,92
54,8,280,99
68,3,272,85
68,0,284,90
54,1,284,96
60,1,276,96
64,2,282,96
59,10,276,83
62,6,270,87
66,4,280,84
67,14,272,92
67,16,271,91
58,0,284,84
51,14,280,92
62,3,285,96
58,17,274,85
56,12,274,85
62,3,273,92
49,17,283,84
61,4,279,83
63,6,275,96
60,19,280,84
64,7,273,93
69,12,275,88
65,17,274,92
54,16,274,82
53,4,280,87
51,10,272,89
52,2,278,86
53,16,280,90
61,2,287,80
60,15,273,96
51,16,276,87
56,2,285,96
56,15,279,80
57,16,277,87
54,5,286,89
58,7,286,96
67,0,280,92
67,15,282,81
50,16,272,95
58,17,276,91
56,16,274,82
64,0,276,82
67,18,283,84
48,10,280,91
50,6,286,83
61,8,279,93
57,8,280,87
50,2,281,86
64,16,281,79
50,6,271,96
52,15,279,79
50,16,272,92
60,2,275,89
52,7,279,84
58,7,269,81
52,19,285,93
55,16,274,95
46,13,274,88
47,12,273,82
51,12,274,87
56,4,287,85
64,10,273,91
48,7,273,78
61,16,280,91
62,12,274,83
58,0,286,92
49,0,280,84
44,8,272,87
56,8,283,95
48,3,271,82
55,5,269,92
43,12,278,88
48,12,275,82
59,1,279,85
59,0,284,88
55,3,273,82
58,12,278,91
47,19,270,86
57,0,284,90
58,19,285,87
59,15,283,88
49,13,282,86
48,8,282,79
64,16,270,94
52,6,273,93
52,5,284,93
52,3,274,81
52,7,286,94
46,9,285,92
51,4,280,92
64,8,276,83
64,8,276,83
48,4,267,87
60,12,278,97
45,0,284,92
59,17,277,82
43,0,277,93
59,7,269,91
60,10,285,94
62,0,281,94
52,15,280,87
67,10,276,94
46,1,280,82
64,2,271,94
49,16,274,90
56,15,285,96
45,16,272,90
60,0,267,80
54,11,282,94
55,16,280,86
46,3,281,96
47,7,278,84
63,11,284,86
50,0,285,96
63,7,270,95
65,0,280,88
57,1,285,82
55,1,284,86
48,10,275,93
60,3,287,79
52,6,283,93
56,14,283,85
47,8,273,84
61,16,280,84
52,6,275,80
60,0,271,97
51,13,276,87
60,10,287,97
45,0,275,84
62,0,281,82
54,1,273,96
62,7,274,88
45,17,281,88
52,0,285,96
62,8,272,98
65,0,282,92
55,17,285,90
63,9,273,85
60,3,273,83
64,8,276,85
54,2,283,82
69,15,284,81
50,2,276,93
64,4,285,90
60,13,285,88
65,3,276,99
49,12,274,95
62,18,281,90
49,11,283,84
60,6,285,87
49,0,278,97
65,8,272,89
47,1,276,87
45,14,272,90
59,8,276,91
53,0,282,84
58,19,286,89
47,0,282,88
58,15,281,81
65,16,276,79
48,19,283,88
65,9,280,86
64,12,274,95
62,3,269,82
63,3,280,82
46,9,274,82
64,16,272,82
54,7,285,96
61,1,277,90
52,11,273,84
60,2,269,96
58,0,285,95
59,8,274,91
59,16,281,82
52,4,283,95
49,12,276,83
48,6,287,96
60,2,286,93
52,6,277,94
57,7,285,89
48,6,271,86
55,19,269,91
56,6,273,81
50,3,273,92
47,15,284,84
64,4,280,81
59,1,276,83
67,0,275,82
54,3,270,87
61,2,287,93
65,13,271,91
61,14,275,80
58,3,273,91
61,2,267,77
62,12,278,93
58,1,269,83
60,10,275,77
63,13,277,88
51,13,278,79
67,13,269,88
52,4,267,79
62,2,286,86
52,15,283,92
64,13,280,84
60,15,286,90
48,16,270,83
47,19,280,80
57,4,280,84
45,10,281,80
45,16,281,78
63,8,273,87
64,1,273,78
55,15,275,89
51,10,275,88
53,4,273,77
50,17,276,80
51,5,273,87
54,19,282,92
51,12,274,95
62,7,285,88
47,16,272,88
53,8,285,90
64,0,271,87
52,12,271,89
58,15,286,90
49,9,280,78
64,16,269,94
60,2,285,95
60,5,276,91
64,16,281,84
51,10,276,79
61,4,286,90
56,1,272,83
53,8,271,93
52,7,271,85
62,4,285,92
59,4,282,91
48,9,274,80
58,17,273,92
58,12,269,79
48,0,277,86
52,7,285,89
62,7,273,88
59,17,278,90
57,1,270,79
49,12,276,93
52,0,287,83
57,8,272,95
65,1,284,84
58,15,273,86
43,9,280,86
65,7,272,86
59,13,272,84
58,6,267,86
52,17,269,81
54,12,277,93
43,13,280,82
52,11,275,80
65,5,272,90
59,13,271,83
47,17,285,93
51,12,274,89
69,3,275,88
53,7,273,92
59,3,286,89
55,3,284,89
64,12,283,87
60,15,271,87
52,18,279,96
55,15,285,94
56,12,277,90
52,0,283,94
66,1,274,93
55,3,280,82
61,13,272,95
54,11,275,92
65,4,275,79
52,11,267,96
69,5,278,84
47,3,281,90
47,3,285,94
50,19,269,93
57,16,280,87
57,4,286,96
62,8,278,87
54,12,281,95
60,6,271,97
64,16,280,90
65,1,283,81
68,8,278,83
49,2,272,79
56,0,286,89
64,4,273,97
54,3,285,89
60,15,283,93
64,0,279,87
58,4,283,93
63,6,286,83
52,13,269,83
60,5,280,83
59,10,273,95
56,11,286,81
47,17,270,91
61,0,283,86
67,8,282,82
59,8,280,86
63,15,285,88
59,0,277,80
49,2,280,86
67,3,271,83
49,8,278,93
62,0,268,96
58,17,268,82
56,5,283,84
51,11,282,86
52,12,280,95
65,12,284,84
60,2,283,81
62,7,277,93
67,15,275,92
64,1,274,90
57,0,284,92
58,19,286,96
67,0,280,86
51,0,285,82
52,0,283,89
60,7,281,87
52,15,271,91
