83,1,270,91
67,0,267,84
81,16,276,79
77,6,281,90
78,18,263,89
63,11,280,78
71,13,272,81
80,3,275,85
83,8,274,91
77,4,268,83
71,3,275,84
79,17,279,76
64,13,275,84
75,8,272,83
79,0,280,82
77,16,267,80
64,8,268,89
64,13,271,73
63,9,272,84
64,13,277,78
79,11,279,77
66,8,268,91
80,8,271,87
80,9,266,87
73,8,275,89
80,12,275,91
73,17,273,88
84,8,271,87
70,11,272,80
82,16,276,84
80,12,268,91
81,4,279,87
79,11,268,78
76,14,274,81
85,0,272,86
67,16,266,79
70,13,264,80
67,10,276,86
81,2,282,91
82,6,271,75
80,6,267,79
70,11,275,78
79,3,272,76
87,13,268,80
73,4,266,91
82,10,277,82
85,16,275,80
73,16,277,78
72,4,282,76
73,6,281,75
82,12,270,78
77,10,271,78
80,6,263,87
64,19,263,89
83,0,272,84
74,10,276,86
72,6,273,88
68,0,270,90
83,9,265,77
87,16,274,80
84,14,271,78
89,0,276,82
73,12,264,91
80,2,277,87
78,12,275,78
84,3,277,86
89,12,272,79
84,4,281,93
86,3,267,79
86,15,274,80
83,16,280,77
80,12,279,81
77,17,274,84
80,2,277,76
88,10,275,85
90,12,276,78
78,11,273,90
81,16,271,93
82,15,274,91
77,16,272,78
76,4,279,92
75,12,279,90
93,0,267,78
82,15,277,76
83,15,264,84
71,16,266,91
74,10,279,85
85,8,266,79
89,16,268,80
81,0,275,85
82,18,273,82
78,8,272,79
78,8,270,93
88,8,266,93
77,8,274,81
75,13,270,81
76,11,267,80
91,8,270,75
89,8,268,91
88,2,266,75
88,0,281,92
84,7,275,85
81,9,270,91
91,9,272,84
72,0,281,80
82,4,281,91
72,2,269,81
87,2,272,75
84,4,281,81
86,12,279,93
79,1,272,90
76,11,278,86
91,11,274,84
84,13,280,82
87,8,272,85
88,0,266,79
88,6,267,78
78,7,279,80
76,4,282,83
74,8,268,83
89,16,274,79
75,12,268,91
74,19,273,82
87,16,274,82
84,6,275,91
82,0,273,77
84,0,271,85
86,12,271,89
83,17,280,88
76,9,271,91
81,4,266,94
88,2,277,94
88,6,282,87
77,0,267,80
82,3,279,89
79,15,276,82
79,2,268,84
92,16,272,90
78,10,265,80
71,1,277,87
76,0,270,95
89,1,270,83
75,0,277,88
78,9,267,81
80,2,275,97
72,0,277,85
76,10,278,96
91,16,274,87
76,10,275,89
77,14,272,80
80,12,265,93
86,1,280,81
82,7,275,84
83,11,264,90
84,12,275,86
80,10,267,78
89,17,267,88
85,13,271,90
69,13,266,91
67,1,266,79
67,15,272,80
87,0,276,82
72,0,279,84
80,4,276,83
73,6,279,83
66,2,272,83
77,13,270,83
74,11,267,81
86,12,271,91
70,1,275,91
83,0,276,88
79,8,272,84
90,11,268,78
82,15,268,80
75,16,274,91
78,13,267,85
83,15,273,88
77,8,270,95
89,16,278,84
80,4,263,91
74,12,274,79
84,18,264,90
93,7,267,84
77,10,268,92
76,12,263,78
91,14,269,88
75,12,263,92
83,14,280,90
84,4,282,82
88,6,283,79
76,10,274,85
87,16,280,84
84,12,268,79
82,6,283,85
75,5,265,94
87,0,270,90
78,13,265,96
73,4,266,84
76,3,275,80
78,11,268,83
76,4,265,83
84,7,267,85
70,15,278,78
75,16,274,79
79,0,272,92
79,17,272,92
85,10,269,78
83,16,272,88
86,6,271,94
84,6,267,81
83,1,268,87
77,2,277,91
72,19,275,80
87,0,268,80
70,15,279,83
87,15,280,80
71,11,281,90
87,13,268,80
79,16,274,87
75,12,270,81
70,0,271,80
76,17,279,80
82,12,267,77
71,11,266,80
82,4,263,81
70,12,277,77
66,0,274,84
71,7,281,82
83,2,270,81
83,0,275,79
77,0,273,82
77,3,277,84
91,17,276,84
83,12,274,87
76,7,282,93
80,10,281,93
72,15,277,92
69,0,266,88
82,0,278,89
87,1,273,84
67,17,273,88
73,2,275,91
76,11,280,83
83,1,276,89
75,13,266,81
87,5,265,89
83,11,267,88
66,6,277,78
81,9,276,79
83,16,268,78
72,4,265,93
80,1,270,79
87,5,275,80
68,7,273,75
83,11,268,84
75,16,273,84
81,4,268,84
87,0,276,84
71,4,268,79
66,12,270,91
79,11,277,90
77,12,278,89
87,0,280,88
89,0,277,88
83,12,278,80
80,12,263,93
89,15,272,88
72,6,269,91
84,0,278,87
87,16,275,88
67,16,268,78
77,10,278,82
86,11,268,79
69,1,268,90
67,0,280,76
71,12,274,88
81,4,279,76
73,4,282,75
80,6,269,91
81,4,273,77
74,2,277,92
76,15,275,87
73,0,273,89
84,12,271,76
66,15,265,89
66,8,268,78
67,11,268,88
80,9,270,79
71,0,279,88
72,14,279,89
72,15,271,88
67,13,276,89
75,0,268,80
79,0,272,77
77,1,273,84
83,5,280,80
79,14,274,79
76,3,273,86
70,17,274,90
82,8,272,91
74,4,273,85
81,4,281,90
74,4,281,88
72,4,271,79
77,13,271,91
68,6,283,74
81,10,270,91
80,12,268,91
74,0,266,77
64,0,267,82
74,15,272,76
67,7,280,76
70,1,281,83
62,7,280,89
76,7,281,86
70,15,280,84
75,2,276,89
67,12,275,89
75,10,277,84
68,3,281,92
68,17,272,90
77,10,270,91
74,11,280,89
65,16,272,93
68,7,267,92
68,6,277,93
77,5,268,90
69,18,281,82
81,9,268,92
72,2,265,91
66,12,275,83
72,7,263,89
76,7,273,86
76,18,273,89
83,16,273,79
77,2,281,94
68,3,272,80
73,7,274,90
77,8,279,84
71,5,277,94
79,5,276,95
82,16,268,95
78,4,275,93
76,10,282,89
70,11,275,78
78,1,282,80
65,2,265,93
80,4,270,77
79,15,270,80
79,0,267,91
76,15,278,85
59,3,272,82
74,12,276,84
62,15,264,85
64,2,272,91
70,12,268,95
71,17,281,91
81,11,276,79
76,6,279,77
77,0,263,91
62,2,266,81
80,12,268,87
68,0,273,92
74,8,272,78
75,3,267,89
73,6,264,79
65,15,278,78
57,16,272,78
73,12,266,93
59,17,272,88
61,2,266,79
76,8,263,80
66,12,279,80
69,0,278,76
60,4,272,86
76,12,266,89
74,9,279,92
75,13,266,82
69,13,270,77
76,2,281,77
78,7,273,87
66,12,268,86
73,8,268,91
72,8,272,84
62,7,269,83
77,4,281,83
77,11,269,81
81,13,272,84
78,16,268,78
72,4,267,85
74,2,275,77
68,3,279,83
70,13,275,83
80,12,268,91
62,9,281,89
63,17,282,80
66,16,278,82
65,12,275,76
77,16,280,80
72,12,267,93
70,3,265,93
64,6,275,76
69,8,266,93
79,16,273,84
69,14,276,76
69,3,266,83
59,12,277,87
72,6,267,90
72,3,271,87
65,3,265,77
64,7,276,88
68,6,281,90
66,7,263,83
76,4,281,88
62,7,277,87
68,10,275,75
69,4,268,78
59,17,274,88
58,17,282,82
66,5,265,89
61,12,268,87
67,8,270,87
77,9,280,84
71,5,282,85
60,8,270,79
74,2,276,86
73,3,266,78
61,16,274,79
72,3,277,91
68,14,281,85
73,16,267,79
66,7,263,77
70,3,281,80
76,7,281,88
77,8,271,78
72,12,270,77
64,19,267,77
64,0,278,79
83,17,272,80
83,12,267,81
83,9,281,80
65,8,270,75
75,0,281,78
63,0,271,91
76,0,281,81
75,8,282,89
76,4,267,93
74,8,272,93
68,10,271,81
62,19,276,91
61,1,276,91
73,12,269,91
74,10,281,85
66,19,274,88
73,13,267,78
62,8,267,93
74,1,268,86
74,1,281,88
68,0,268,75
64,7,276,84
75,0,275,84
71,8,276,85
59,11,277,88
67,8,278,87
69,1,275,93
80,4,271,85
80,2,270,79
71,1,276,78
61,11,270,87
72,10,263,91
76,11,270,79
62,13,271,91
72,2,273,82
62,4,266,77
69,16,274,78
73,10,268,87
70,0,270,78
66,16,268,76
78,16,274,80
77,11,274,80
79,15,267,84
81,10,279,78
64,6,268,78
71,8,272,84
64,5,268,82
74,16,266,78
65,12,265,83
59,13,281,80
77,8,270,78
73,9,276,78
75,8,275,84
63,2,272,77
58,17,279,89
77,9,277,88
62,3,281,91
58,5,270,91
77,3,267,84
59,13,265,85
63,0,276,88
62,3,267,74
68,0,263,87
72,4,267,81
73,4,281,86
73,4,279,77
73,12,267,91
62,19,264,84
68,8,272,82
77,8,277,80
78,17,280,89
71,16,277,82
67,12,268,81
60,14,273,79
68,14,263,79
68,6,282,75
59,7,276,77
62,6,278,79
61,16,275,82
64,9,268,80
55,0,267,85
56,1,267,82
56,0,279,74
60,6,263,74
60,14,269,77
57,16,268,84
67,12,263,79
60,19,263,87
73,9,272,80
62,12,281,78
56,7,271,91
54,16,264,79
73,11,275,80
74,0,268,76
63,3,273,80
64,8,269,82
60,0,278,77
55,3,265,84
75,7,278,88
75,19,271,89
74,3,276,87
82,13,268,87
68,13,280,91
80,0,266,79
65,8,274,79
81,7,276,84
83,0,268,88
75,9,279,89
82,13,274,87
87,8,278,76
79,16,278,76
74,10,266,87
80,14,275,90
76,0,272,75
73,16,269,84
78,16,268,82
72,5,275,87
67,1,276,83
82,2,268,78
77,17,278,76
72,10,274,81
83,1,279,88
67,9,280,80
83,11,264,77
80,13,270,83
74,0,269,88
77,4,263,79
82,12,275,81
81,10,263,85
74,19,278,83
78,15,279,87
68,15,271,75
77,0,271,79
80,4,272,84
82,1,264,90
80,4,265,75
64,9,268,79
81,16,272,86
74,16,268,78
80,0,275,75
75,4,275,91
80,0,270,75
67,2,263,83
72,12,273,86
70,15,267,77
83,18,276,88
83,16,264,87
80,6,277,93
75,13,264,86
77,4,268,87
71,4,275,88
64,15,275,76
83,8,274,75
82,1,265,79
85,16,274,88
80,12,264,81
74,0,268,89
84,1,272,93
87,19,281,80
74,10,273,86
78,10,279,96
75,15,264,82
95,14,265,90
93,5,275,88
86,6,263,95
96,16,268,82
82,4,269,87
95,15,264,91
82,7,263,81
87,16,273,86
89,9,272,84
78,15,265,89
78,11,279,81
93,7,275,92
78,17,267,80
71,5,268,90
91,0,277,86
91,18,278,92
91,9,268,81
90,16,269,92
80,6,263,91
76,2,269,84
76,6,279,96
81,12,281,84
76,10,271,81
79,15,279,96
83,16,279,82
91,7,267,89
80,6,278,85
88,4,272,95
89,0,275,80
67,13,266,92
88,13,272,95
84,6,271,83
73,12,277,87
76,3,273,96
78,15,265,84
73,3,267,92
71,14,277,80
84,4,263,97
85,4,271,95
84,2,276,87
95,8,278,82
75,0,276,88
86,19,277,92
87,9,276,84
79,17,277,93
74,6,281,97
96,2,276,82
84,2,267,95
77,0,267,83
76,2,263,96
89,13,271,95
76,14,265,81
89,15,266,80
75,9,265,91
75,10,273,88
89,0,276,81
81,8,274,79
91,1,276,87
80,16,270,91
76,6,277,93
72,12,264,86
86,4,276,92
84,7,267,95
87,13,266,89
83,3,278,82
76,8,267,97
88,0,272,81
67,0,266,92
78,19,281,96
67,11,279,85
73,9,276,90
89,0,265,92
71,17,267,92
77,2,266,87
85,12,274,91
78,11,277,88
89,16,274,92
69,16,270,84
84,13,271,94
84,12,270,99
80,16,274,88
85,16,270,88
73,16,273,92
65,16,267,88
87,15,276,88
65,4,266,84
71,11,269,98
67,0,269,92
75,13,263,97
65,15,277,82
80,4,266,93
66,11,270,95
80,0,279,91
76,8,269,93
75,12,276,86
69,12,262,95
66,7,273,81
64,8,273,94
69,11,266,88
61,5,279,82
72,10,264,83
74,16,270,86
75,9,278,81
72,6,271,83
65,2,276,94
77,1,268,86
75,2,276,86
78,3,272,87
69,6,268,92
63,15,279,84
75,1,264,84
79,1,277,84
59,0,272,88
59,0,279,83
79,9,270,90
62,19,273,84
73,0,265,88
63,7,276,84
68,8,270,95
57,13,275,90
79,15,270,90
63,17,278,78
66,11,265,86
67,0,278,92
60,1,262,87
62,14,261,83
67,17,269,82
70,9,273,86
57,9,267,88
71,19,278,80
76,13,266,95
68,7,265,83
72,2,277,88
66,4,279,94
73,4,262,93
59,8,264,82
71,0,279,80
66,13,266,87
62,16,274,86
61,5,274,82
60,11,281,90
62,3,279,93
72,8,277,87
68,2,270,81
71,16,276,82
72,10,277,89
77,16,278,90
59,13,270,95
72,15,271,78
73,0,269,92
61,11,266,80
62,13,266,79
62,0,273,86
77,8,267,87
81,17,273,80
63,19,277,92
78,1,263,86
68,1,272,81
70,3,275,78
81,14,266,80
73,10,279,81
64,11,268,89
67,11,272,87
72,4,275,91
80,0,278,85
77,2,268,77
78,11,276,79
75,12,266,77
70,2,273,87
72,4,266,79
75,16,265,86
76,4,273,79
75,10,270,90
61,10,269,84
57,0,270,81
69,12,271,94
71,12,268,87
67,16,265,84
60,1,268,80
63,15,278,89
74,2,266,83
71,11,268,87
76,15,273,78
63,3,274,78
83,3,275,92
74,17,280,80
66,0,268,87
81,13,277,84
81,12,264,87
68,11,263,93
76,17,265,84
72,0,277,83
83,7,267,88
72,4,279,85
71,0,276,90
76,12,278,87
72,0,275,87
81,8,273,91
75,11,272,88
83,8,266,95
77,2,266,93
66,12,269,77
72,7,264,89
80,4,261,88
74,8,266,77
64,16,276,82
79,16,265,79
80,1,273,82
83,12,266,84
76,2,278,83
71,16,266,84
79,6,266,88
70,0,273,86
64,11,276,78
80,0,272,78
74,4,261,89
64,12,265,79
62,10,267,79
67,0,279,90
58,17,265,86
75,11,269,83
62,12,277,75
68,1,263,82
60,15,264,86
61,13,273,84
65,12,263,93
79,5,270,81
79,5,280,85
82,15,263,88
79,3,278,85
72,8,270,95
69,15,279,91
62,15,271,85
74,11,281,93
68,15,265,83
74,6,275,92
80,0,264,91
74,12,269,86
72,10,281,93
65,7,267,90
77,15,278,82
69,9,269,95
66,1,276,82
73,16,266,88
75,1,268,84
74,15,279,90
67,9,266,82
65,1,266,82
59,19,280,85
74,19,269,89
69,15,269,90
65,6,265,89
67,14,278,84
59,7,265,89
72,14,263,85
59,11,276,82
68,8,273,87
77,16,264,83
68,15,261,86
75,5,274,88
73,17,272,85
70,2,265,87
79,1,270,86
66,1,274,81
70,14,281,78
75,5,267,80
70,14,263,85
73,4,269,87
69,5,266,80
72,0,271,77
75,17,276,80
62,15,266,87
63,9,264,88
62,0,264,83
60,19,276,80
77,6,268,79
69,13,266,78
69,2,279,87
66,2,272,93
59,8,270,78
65,10,269,78
59,12,268,93
72,0,273,84
65,6,267,83
56,16,277,78
75,13,277,78
77,7,270,78
60,7,269,87
64,11,274,84
73,5,269,84
63,7,271,75
56,10,270,75
57,12,263,87
63,19,277,89
67,3,277,84
57,9,278,77
73,17,268,88
73,16,266,86
66,4,261,74
61,8,270,91
67,0,273,76
71,18,265,84
71,16,268,90
68,12,270,82
69,8,268,91
54,16,270,74
60,12,275,85
60,0,266,75
62,12,271,87
68,7,277,82
72,6,263,73
66,12,269,89
60,0,275,86
60,19,270,83
53,0,270,80
52,6,279,92
56,2,275,92
61,4,278,81
50,4,268,95
66,16,266,84
60,12,267,95
56,0,269,93
52,3,273,93
56,7,267,79
53,8,276,77
53,4,268,91
64,16,264,86
60,8,263,91
64,16,270,91
68,7,279,79
64,0,281,81
60,3,279,86
56,2,281,79
54,12,272,87
67,16,270,90
61,16,273,82
70,16,267,89
51,17,277,88
52,16,276,76
62,2,273,87
67,15,269,90
67,0,263,80
65,10,270,78
69,16,266,86
49,6,269,89
56,4,270,87
67,9,274,80
68,5,264,81
53,4,272,80
66,0,275,86
61,14,263,87
67,6,264,88
63,3,270,88
62,19,278,96
49,17,272,90
55,8,268,95
58,2,274,86
63,15,273,84
54,6,276,86
70,15,263,83
65,17,277,80
47,11,263,89
62,15,277,93
52,18,263,77
52,0,281,91
54,3,276,84
60,15,279,92
47,3,276,80
58,9,263,92
56,19,271,80
51,9,272,88
69,5,277,78
55,1,273,84
47,0,275,88
62,15,279,78
63,0,277,88
60,6,279,90
64,6,265,77
55,13,270,78
66,1,268,84
63,3,263,89
66,16,265,82
64,4,276,86
54,15,263,77
52,19,263,91
63,9,270,88
53,2,264,88
54,11,279,88
49,16,270,87
60,2,263,85
53,12,267,91
60,19,269,84
59,17,272,92
51,12,270,95
48,18,273,91
67,15,279,90
52,13,268,79
64,12,263,87
62,4,271,91
69,13,277,88
58,0,266,88
62,14,273,90
46,19,273,91
48,12,276,87
64,4,279,94
64,12,266,91
60,19,263,90
71,16,274,86
74,8,265,89
72,7,269,96
72,4,279,97
68,4,270,83
81,15,277,92
65,17,267,90
75,13,275,96
72,6,271,81
85,12,268,93
87,16,269,96
87,7,278,90
72,10,264,94
81,16,272,86
71,2,269,86
74,11,264,97
86,19,273,96
70,19,279,91
87,17,276,93
84,5,270,83
87,8,269,83
71,9,268,95
77,5,264,87
86,0,274,88
77,7,275,89
71,1,270,88
77,6,281,99
80,2,265,86
87,13,279,97
82,13,281,91
68,0,279,91
85,9,273,84
78,19,271,97
72,2,281,88
80,12,264,85
68,0,267,97
76,10,273,89
85,13,277,88
66,12,272,99
68,0,281,90
81,4,271,97
80,16,264,94
68,4,279,83
81,0,267,88
71,0,272,90
68,2,265,97
73,13,268,88
59,17,266,88
69,9,277,91
65,4,268,86
67,12,267,90
67,17,264,84
59,5,266,92
70,7,268,90
70,15,271,96
63,15,275,96
58,17,266,92
64,1,268,95
75,2,268,83
64,5,264,86
65,16,268,90
66,12,270,97
72,4,271,90
59,8,268,87
61,17,278,88
74,15,263,96
64,16,266,88
70,16,270,94
60,17,274,93
77,16,274,92
57,16,271,88
72,4,267,85
71,16,265,95
72,12,279,85
58,0,273,96
61,6,261,90
73,12,266,81
60,11,277,97
75,5,272,88
63,18,265,97
73,16,274,90
65,4,263,90
75,4,271,99
76,1,265,92
75,7,262,93
60,6,263,82
69,1,277,94
68,0,281,97
73,6,278,93
56,10,281,97
68,6,269,87
72,4,271,95
59,9,270,95
69,4,276,86
55,11,274,94
59,3,273,90
67,1,273,90
66,11,262,98
69,15,277,84
57,2,269,99
69,12,274,99
68,10,263,83
62,6,270,97
63,1,275,94
64,4,281,81
70,8,267,84
60,11,273,87
60,10,277,93
55,8,280,88
71,7,280,88
62,13,274,87
73,18,279,88
71,16,276,94
73,4,263,85
75,12,270,87
60,10,277,89
71,0,276,88
75,11,264,97
57,16,276,92
72,4,277,98
64,16,273,88
74,1,270,88
69,7,274,97
64,3,275,99
72,10,268,86
73,8,275,92
75,0,273,97
73,8,262,90
70,18,263,92
64,16,269,86
69,4,268,89
64,16,270,86
62,6,263,83
73,8,272,99
61,16,274,101
71,13,279,93
61,10,265,95
61,6,263,84
61,6,275,92
73,10,274,87
74,11,272,95
60,12,269,87
71,16,274,87
75,15,279,84
55,7,265,88
62,6,275,97
59,8,270,93
61,8,270,85
67,13,270,98
68,6,269,87
62,13,263,101
71,17,275,92
61,13,272,95
66,6,263,85
69,8,264,102
72,4,263,86
69,8,276,90
73,0,278,99
75,13,268,95
73,9,265,100
64,16,277,90
73,11,277,94
77,9,279,98
60,0,281,85
68,2,275,87
65,6,279,99
72,7,271,96
72,6,279,91
62,12,266,95
60,10,261,91
70,13,278,93
55,13,277,96
74,12,268,97
72,6,269,95
75,6,268,95
69,16,276,92
67,16,273,90
61,0,272,86
69,0,271,95
75,13,279,98
55,6,272,100
75,8,274,90
63,10,276,99
64,10,273,90
64,6,275,89
56,8,268,105
57,15,263,99
69,1,268,100
72,12,270,103
55,8,277,92
75,14,268,101
61,8,270,90
73,6,274,92
71,17,279,104
71,8,268,103
68,0,274,105
66,12,275,103
71,0,274,100
72,9,265,99
73,16,266,90
64,4,276,87
55,16,268,98
73,12,274,90
72,13,271,101
62,15,270,90
69,17,269,92
68,1,276,92
67,4,266,100
70,3,272,94
69,17,279,91
51,10,264,91
60,8,281,103
62,19,276,90
62,0,272,97
61,16,273,92
60,16,274,96
57,4,270,87
65,5,274,94
64,2,279,93
54,16,273,98
61,12,269,89
63,3,274,99
60,3,263,89
56,2,277,100
63,19,276,94
55,2,276,100
57,4,267,85
64,8,270,99
57,8,272,87
53,3,265,88
71,17,266,91
51,9,266,99
62,12,266,86
68,11,266,86
56,8,271,103
54,10,269,95
53,5,274,90
59,11,263,91
53,11,273,95
49,7,265,88
59,11,264,100
61,10,281,101
51,12,268,103
69,5,272,88
51,7,279,88
56,3,276,91
60,10,273,99
70,7,278,98
60,11,263,99
51,15,279,98
71,13,280,93
55,17,268,88
51,3,275,100
62,11,269,99
66,8,264,85
69,17,264,94
62,13,278,98
64,4,276,90
68,3,274,95
60,0,274,95
69,15,277,88
70,12,274,103
73,11,268,92
65,13,270,97
60,0,275,89
72,0,265,100
64,2,268,103
56,8,272,101
66,13,270,94
69,16,274,100
58,7,268,99
71,17,275,96
69,15,274,89
51,7,268,100
53,9,270,94
73,15,276,93
70,12,266,94
51,3,274,94
55,17,279,99
71,10,273,88
64,1,274,88
62,11,269,86
55,19,279,97
61,6,269,97
56,7,263,97
71,12,267,101
63,17,277,88
74,2,266,94
67,11,279,98
57,0,272,92
68,9,268,86
63,0,279,94
66,17,280,88
65,1,266,94
64,16,266,98
59,12,279,87
66,7,261,96
72,10,279,101
69,16,264,87
62,12,266,85
72,8,271,97
72,4,266,102
73,8,278,101
70,12,277,87
66,11,273,96
62,15,275,101
78,1,263,99
64,13,270,86
83,8,272,88
72,6,263,98
72,12,266,102
75,15,273,88
79,5,267,96
76,4,265,98
78,3,274,90
83,0,270,88
81,5,274,92
82,1,275,89
78,15,277,89
70,8,272,94
88,8,268,95
71,1,275,95
73,7,274,100
74,16,269,99
84,10,261,100
71,16,269,97
69,7,273,96
74,17,262,99
86,17,279,100
69,7,267,95
79,3,279,96
74,6,271,95
74,5,272,87
80,14,270,87
72,0,266,99
73,2,263,89
84,4,278,87
71,2,264,87
75,0,270,94
65,11,272,93
85,10,272,90
74,0,262,93
80,5,276,88
78,1,271,87
73,16,274,92
83,8,270,92
78,2,263,96
81,1,270,88
66,17,279,99
65,11,267,86
77,4,268,95
82,12,268,85
72,17,276,96
83,9,274,98
72,7,275,97
78,10,279,101
80,16,270,98
66,12,278,101
75,4,267,92
64,15,263,93
68,19,263,86
78,9,280,86
68,8,266,102
80,9,268,99
71,17,264,94
75,15,276,98
67,17,279,97
69,1,278,88
76,10,265,99
71,7,277,96
80,8,262,99
84,16,272,92
80,12,271,83
73,6,275,85
77,16,272,92
82,2,264,101
85,8,271,101
84,0,275,101
74,19,263,88
75,5,277,88
71,18,263,83
78,6,279,85
86,16,265,88
86,8,268,92
71,0,279,97
81,10,261,91
72,1,266,88
72,2,279,94
75,8,271,99
81,2,264,95
82,13,268,89
76,0,265,96
72,0,277,90
76,7,261,83
69,12,271,99
77,0,273,98
76,10,270,95
67,12,271,98
82,2,268,90
74,5,263,96
72,6,270,91
69,16,277,84
85,16,266,89
66,7,262,81
71,12,266,90
83,10,266,99
81,4,279,95
71,10,268,94
76,9,271,91
71,5,269,93
76,11,278,97
83,1,265,89
89,7,261,97
86,13,276,92
91,13,276,88
101,5,276,92
91,9,265,91
97,12,272,99
96,12,266,95
107,12,274,90
95,4,265,97
106,16,273,88
105,4,268,87
112,12,270,95
95,9,262,97
100,8,274,91
104,11,275,84
112,16,268,79
103,17,263,95
104,3,274,95
116,8,271,93
110,6,261,97
116,3,261,92
118,3,264,96
107,13,267,94
112,14,279,97
119,17,263,92
121,10,270,99
110,15,261,81
106,17,278,96
107,8,274,95
113,4,279,96
110,15,279,89
117,1,264,84
113,2,268,87
112,0,262,93
100,10,269,81
96,3,264,88
117,14,263,94
113,0,262,81
114,4,278,83
120,12,276,95
116,3,267,80
112,12,281,83
131,13,279,96
141,6,272,88
142,13,273,90
144,9,269,83
144,4,277,85
134,2,261,88
142,17,269,96
147,8,276,92
131,16,268,82
131,19,273,84
138,4,278,89
133,16,278,90
137,6,271,96
143,13,269,92
138,1,268,92
153,16,272,87
139,0,279,91
149,19,264,83
152,2,272,84
143,7,266,88
142,0,270,88
148,3,275,78
139,11,276,82
145,17,274,84
138,7,263,82
126,13,274,82
142,17,279,80
130,8,273,90
136,4,273,94
144,16,262,86
128,0,265,84
132,0,263,91
146,6,271,96
140,19,261,79
135,2,264,91
136,14,261,85
150,4,268,95
137,4,261,77
151,9,272,82
143,14,275,76
140,2,271,92
146,11,277,80
139,1,269,82
152,10,264,84
142,19,263,80
138,4,274,79
154,12,266,95
158,9,264,88
159,17,268,88
144,15,263,90
166,18,267,88
168,8,268,86
176,6,271,91
174,7,279,79
168,19,265,90
181,2,270,83
170,19,278,96
168,4,279,83
179,0,264,94
176,12,266,93
189,16,276,86
186,7,273,97
192,3,274,92
196,0,266,93
197,0,277,88
196,2,271,99
180,6,264,93
185,11,279,89
175,16,264,95
190,0,276,96
183,12,264,101
183,2,274,100
181,0,271,87
178,3,280,103
191,16,274,100
188,4,267,103
191,11,278,96
181,3,272,100
196,12,270,89
199,17,264,94
183,1,264,101
190,13,269,103
207,2,276,95
196,8,262,93
194,7,278,101
191,13,265,87
201,0,276,95
190,12,278,85
187,16,265,91
203,9,278,89
203,16,266,94
192,2,267,97
181,2,269,98
199,5,268,94
185,16,265,95
180,7,278,87
179,16,277,88
178,3,277,96
189,0,272,96
186,12,269,88
174,0,274,101
179,4,274,92
171,13,270,101
179,12,266,102
178,4,262,101
163,12,266,98
172,11,262,89
172,2,263,87
162,0,266,103
178,16,267,90
166,14,279,99
161,3,278,94
175,8,266,99
153,9,275,90
160,1,268,94
176,12,270,87
180,16,274,96
183,11,262,94
188,7,272,95
180,10,273,102
191,2,277,96
199,4,269,94
202,12,264,101
201,8,270,91
200,8,265,90
200,14,263,100
195,6,275,99
199,8,265,102
184,3,274,91
181,5,266,94
184,3,266,90
183,18,264,88
180,10,275,90
193,12,264,98
196,15,262,99
199,8,274,94
205,4,271,91
197,4,273,97
207,10,263,101
211,4,264,95
216,4,276,83
210,19,279,99
222,12,263,85
233,16,277,84
234,7,269,90
241,4,268,86
224,3,271,82
240,12,270,87
239,3,265,84
236,11,264,93
236,14,277,92
241,16,270,99
249,0,277,84
241,8,271,89
235,15,269,88
233,15,273,86
227,8,270,102
232,19,263,89
245,1,274,88
247,0,276,87
256,14,272,95
258,12,275,103
249,3,268,92
267,12,265,86
260,13,274,99
266,15,262,96
269,12,277,97
270,2,261,87
279,16,277,96
282,5,279,93
274,4,276,99
276,2,271,99
285,1,277,94
267,4,266,99
268,7,273,91
279,19,274,107
264,0,280,99
277,7,264,101
268,4,265,102
290,2,269,104
294,3,275,105
313,3,274,100
328,2,277,101
334,9,266,108
330,12,266,109
321,12,269,113
325,14,281,112
333,3,263,109
344,2,278,112
354,16,268,102
357,16,266,102
350,16,274,106
357,2,264,111
345,16,269,96
346,3,263,105
339,13,276,102
341,10,279,96
339,12,266,107
344,17,265,95
332,8,273,94
341,12,266,99
330,17,266,96
329,0,265,98
322,2,279,109
333,12,274,109
328,0,271,101
329,7,268,94
333,2,270,111
331,17,278,96
332,15,262,96
328,12,268,110
336,9,276,100
330,17,279,99
339,4,276,106
326,11,274,106
338,2,271,107
321,3,276,104
332,8,266,103
314,11,274,107
321,12,272,99
316,15,273,90
306,9,275,100
308,10,281,91
317,0,272,104
301,2,264,102
312,0,271,91
310,6,279,102
323,16,269,96
311,9,262,104
323,16,270,95
317,15,277,96
308,0,279,89
304,10,277,88
298,17,274,104
301,17,280,92
298,2,266,107
287,19,270,97
289,2,261,92
303,17,266,100
300,7,273,100
295,12,276,95
282,2,263,103
299,15,265,108
282,6,275,100
297,0,263,115
298,16,273,108
296,17,278,107
293,6,267,113
279,19,279,104
290,2,269,101
297,11,272,104
286,19,269,113
294,0,275,113
283,11,272,111
292,12,268,118
302,17,278,114
293,16,267,111
304,12,268,115
304,8,270,107
305,17,271,120
303,0,263,108
299,8,264,114
300,15,263,119
302,2,275,119
297,7,265,123
301,2,270,117
297,12,271,135
288,11,268,122
291,0,265,128
284,6,277,135
279,17,280,133
284,4,279,122
299,3,278,122
286,2,270,125
303,7,263,124
300,4,278,137
290,4,269,126
287,19,279,133
287,6,273,132
290,7,273,131
294,10,273,130
297,12,276,143
301,12,277,134
299,11,280,130
292,11,280,129
289,10,281,137
298,10,279,137
292,2,275,134
300,1,276,135
295,1,279,134
285,8,276,125
275,0,265,136
285,10,269,123
285,17,275,136
285,15,277,139
271,5,269,144
284,8,262,153
286,4,276,140
287,15,265,148
269,2,276,148
279,13,276,144
284,0,266,142
280,19,263,152
270,6,279,139
279,8,277,141
273,12,270,147
276,3,276,143
287,19,274,157
292,8,267,147
297,15,269,148
296,8,268,154
295,0,264,148
303,11,273,155
291,3,268,158
280,13,265,160
284,12,268,165
297,16,266,164
289,15,275,160
288,10,274,179
283,8,262,170
285,0,263,183
294,2,269,180
293,7,276,180
287,15,272,167
280,5,277,168
285,4,269,175
276,12,271,175
274,13,268,179
288,2,268,185
293,11,273,184
286,7,265,183
282,8,266,175
283,5,263,178
300,4,271,184
307,16,276,172
302,16,274,172
289,16,274,174
297,12,279,163
291,19,273,173
287,15,272,164
285,13,277,168
283,18,279,168
296,17,274,176
295,14,275,165
293,17,267,164
289,11,263,160
290,15,271,163
289,15,262,169
286,19,263,165
280,19,280,184
286,15,263,182
293,6,277,185
303,17,276,186
327,0,272,188
330,8,281,200
343,7,274,195
349,12,278,197
350,4,277,202
340,12,266,203
353,11,279,208
351,9,267,200
343,15,264,210
348,17,280,197
360,1,276,208
356,6,281,206
355,16,266,210
343,4,274,199
355,17,270,200
342,1,269,203
343,0,280,205
348,16,262,194
338,6,276,196
330,3,265,192
332,2,268,195
320,11,272,212
325,9,266,216
331,1,279,246
318,15,267,272
334,15,277,286
340,12,270,305
345,10,279,315
338,14,281,307
348,12,277,309
355,12,266,329
348,10,270,325
346,2,266,313
347,8,266,318
343,11,280,324
335,10,279,326
326,15,263,330
336,0,268,324
340,13,265,331
323,16,270,332
328,0,276,331
329,10,281,328
326,1,266,334
331,4,263,339
329,17,274,328
336,4,278,333
336,11,275,332
332,4,279,323
347,1,269,316
337,11,274,322
359,15,266,312
369,0,274,313
364,15,275,306
370,19,272,314
376,17,278,308
399,5,274,295
383,17,275,294
399,2,269,292
396,12,276,287
411,4,276,294
424,17,279,293
440,15,277,289
440,7,267,283
450,13,270,277
453,4,279,279
458,1,273,271
449,0,278,278
447,1,281,280
445,1,263,276
442,4,265,273
443,0,271,272
435,6,275,260
436,12,268,259
432,15,281,261
428,13,278,260
434,13,268,271
434,10,271,258
429,0,271,262
438,10,274,256
437,15,279,262
422,7,281,265
435,15,270,250
428,15,269,259
457,12,274,259
470,16,270,246
461,11,280,248
457,17,267,242
449,7,279,235
456,12,273,245
449,0,279,242
453,15,274,229
428,17,263,236
434,0,275,233
420,10,268,223
421,4,266,233
427,17,275,222
416,16,273,220
429,12,268,231
420,3,277,226
428,4,274,221
428,0,269,215
409,17,272,216
410,2,276,235
420,17,268,246
403,1,272,260
404,17,279,274
426,11,278,276
423,1,267,276
437,11,282,288
452,18,277,288
444,7,267,282
443,6,265,293
452,15,270,292
459,2,266,295
456,10,277,300
450,3,273,318
441,5,280,320
443,3,275,313
442,4,267,307
438,12,267,321
424,15,263,325
429,11,265,313
425,6,273,309
419,2,270,319
401,9,269,309
399,16,269,303
409,19,271,304
400,6,277,297
404,2,268,299
394,19,264,301
392,11,281,293
395,6,263,288
401,16,267,284
405,7,277,289
409,4,279,287
413,17,281,286
415,7,282,281
422,0,270,287
423,13,268,277
420,3,278,268
399,15,272,272
404,0,278,265
413,2,265,266
409,16,272,260
407,17,265,260
402,15,279,264
405,13,279,264
432,3,270,249
443,10,270,253
446,15,282,261
449,17,281,258
435,15,270,248
438,13,275,245
427,1,268,254
435,11,274,240
418,12,278,243
413,3,274,240
412,15,281,238
407,3,277,234
407,17,269,230
409,10,270,232
401,16,267,234
402,16,268,232
400,13,268,228
385,0,265,232
401,16,268,230
413,4,280,218
408,0,266,216
410,3,277,219
418,9,273,222
407,14,264,224
412,7,276,219
408,6,277,211
404,3,281,215
401,16,273,207
393,9,266,199
385,4,273,206
401,7,279,200
379,13,269,203
394,14,276,204
381,12,270,206
381,11,275,202
377,4,276,203
377,0,267,204
368,15,279,193
357,18,278,208
360,19,283,209
353,0,263,197
368,4,272,211
367,16,277,206
369,15,273,206
383,11,277,197
371,14,271,203
374,2,281,203
374,12,266,211
374,15,269,199
381,11,268,204
386,4,271,197
385,10,266,207
392,0,282,196
382,9,272,205
384,0,282,195
378,1,276,204
384,9,266,201
372,5,268,199
370,19,264,204
373,4,278,205
363,11,267,201
367,0,273,200
364,4,276,193
355,7,263,193
357,15,280,184
367,13,279,191
359,1,278,193
370,12,270,179
375,8,271,189
373,17,272,180
398,16,272,199
395,12,269,189
398,19,265,210
405,2,268,212
411,16,281,216
407,4,281,222
421,14,264,217
433,11,274,220
430,16,280,220
442,5,269,217
437,11,267,220
427,12,277,212
435,10,281,208
422,1,281,215
424,0,276,210
415,17,272,212
430,11,265,214
419,9,280,206
426,5,272,204
418,16,272,206
431,6,277,212
430,4,263,211
427,12,270,205
416,16,273,202
403,0,280,198
404,4,263,200
407,17,279,200
406,11,273,190
401,12,271,187
405,1,276,194
398,1,281,185
392,2,271,199
391,3,277,189
395,8,270,189
389,15,280,189
380,19,267,184
372,3,271,190
379,4,269,186
386,3,274,182
369,3,263,188
367,16,268,178
375,16,271,174
378,12,278,178
375,8,267,180
371,2,269,166
375,8,279,181
380,6,269,178
379,12,265,180
380,0,281,171
378,13,268,174
387,0,269,164
376,19,273,163
388,11,281,162
394,4,266,169
397,16,280,164
414,9,274,160
410,0,274,151
406,8,266,169
395,13,269,162
409,0,281,171
400,13,278,162
393,11,275,173
403,17,278,168
390,16,272,164
403,16,271,168
396,4,272,166
392,19,265,160
406,4,267,162
415,12,281,162
421,2,278,163
412,0,274,168
408,12,271,171
422,4,273,163
426,14,280,162
411,3,268,164
414,0,271,165
406,14,268,155
406,4,275,154
407,2,275,155
390,4,278,167
396,12,271,157
386,5,267,160
381,2,269,159
387,11,270,154
373,8,274,147
362,16,276,156
356,16,272,151
369,12,272,148
360,11,269,146
360,10,265,158
352,13,271,150
356,10,271,159
346,4,277,156
348,2,270,145
341,0,280,148
338,12,265,153
342,4,270,155
342,0,270,160
338,2,278,153
341,16,267,158
327,13,280,148
324,13,272,156
313,1,272,154
315,0,267,145
316,2,282,150
310,1,268,148
312,15,277,145
308,0,271,139
303,15,273,153
306,4,265,147
299,9,277,137
298,3,266,146
306,18,267,141
291,11,279,148
287,16,266,142
293,0,266,148
292,10,269,144
289,5,279,138
288,2,275,139
280,2,270,150
295,15,280,147
287,9,281,149
287,12,267,147
290,12,276,143
289,6,283,155
289,12,274,157
288,8,268,143
298,17,279,156
291,17,280,153
289,0,276,152
282,17,277,155
289,8,270,158
285,0,273,166
300,11,272,186
295,7,266,189
309,16,276,182
315,7,266,184
308,10,268,185
298,10,269,203
296,4,278,201
301,14,274,196
301,1,277,188
302,11,279,195
296,19,277,193
294,6,279,178
296,0,263,190
296,8,270,175
293,16,278,176
284,16,280,175
289,0,280,180
285,9,268,183
276,3,280,169
277,11,274,175
263,0,268,167
262,3,267,172
270,2,268,163
259,5,280,170
260,12,272,168
271,15,270,168
251,0,281,160
255,8,276,168
256,15,269,157
250,3,268,155
259,16,276,162
262,16,278,159
250,0,268,164
248,12,275,163
237,2,270,165
233,17,265,164
231,17,264,153
231,17,274,154
234,9,270,158
228,6,279,165
230,16,268,158
239,6,279,157
226,0,274,147
234,15,265,155
230,0,267,161
233,12,271,146
231,16,276,150
231,10,267,156
237,3,265,156
229,4,270,149
215,5,272,144
220,17,278,144
209,7,272,148
227,0,273,148
218,3,275,147
214,19,265,152
229,3,279,148
212,1,281,141
218,11,275,136
211,7,274,145
222,1,277,142
218,13,273,132
212,14,275,143
212,4,267,141
211,8,272,131
223,17,273,132
221,10,280,140
211,12,280,140
207,0,269,136
206,17,280,131
207,3,275,140
221,7,273,136
204,9,266,144
210,2,276,142
212,9,267,129
209,1,274,141
199,6,275,136
207,1,273,136
210,12,263,135
205,12,281,131
209,4,263,141
206,3,276,135
197,7,272,135
207,9,280,138
199,15,271,139
196,11,281,133
211,17,277,139
225,5,281,139
227,8,274,131
235,16,268,132
235,14,281,126
231,16,267,130
239,3,269,134
239,17,267,130
250,6,280,126
247,0,279,125
238,14,283,127
243,17,282,125
247,15,281,130
234,0,276,131
228,8,274,122
239,9,270,130
228,2,269,129
232,8,267,115
230,7,276,116
223,3,265,117
223,15,267,124
218,7,267,123
209,2,278,131
223,13,281,128
205,12,278,125
215,8,273,118
201,6,282,121
204,15,281,127
201,4,278,125
199,13,273,122
200,11,267,124
195,1,270,115
200,0,282,119
205,4,267,117
205,16,269,119
194,4,265,110
201,1,274,113
203,4,268,109
186,1,276,111
192,16,276,111
192,4,278,116
194,17,269,108
184,8,267,115
183,15,266,104
191,12,274,114
191,11,277,112
182,11,281,117
182,15,270,119
180,19,266,112
180,17,276,116
174,15,269,107
173,4,271,113
191,13,281,107
182,18,278,116
188,8,282,119
205,7,272,114
198,12,263,101
193,1,274,108
200,4,267,115
209,7,275,112
200,2,267,105
195,4,278,115
205,0,277,103
201,13,276,110
199,10,280,100
211,16,280,100
202,17,280,102
199,17,281,104
196,15,281,107
195,17,274,104
203,0,279,107
196,4,266,113
192,11,269,102
199,16,269,106
196,16,275,100
179,2,275,110
190,4,266,113
175,14,272,97
182,15,282,96
184,2,281,103
186,8,276,99
168,14,276,99
180,10,279,112
163,17,279,103
178,0,280,108
172,15,267,104
168,15,277,103
170,4,283,97
168,12,283,101
160,1,274,111
151,6,269,108
166,3,275,101
170,0,268,108
153,9,268,106
152,2,263,113
166,0,271,106
162,0,267,108
148,15,281,112
151,13,267,108
149,1,275,108
146,11,279,97
146,4,277,103
151,1,276,114
155,11,279,100
142,3,272,108
146,3,277,109
153,7,277,97
137,9,272,110
153,18,280,109
143,12,276,104
133,6,272,100
140,19,281,96
144,16,268,104
135,3,266,97
143,0,280,100
132,4,281,109
135,17,274,104
139,15,272,99
144,8,270,109
133,13,280,112
138,5,281,112
126,12,278,111
125,8,274,111
119,1,270,112
133,3,276,108
119,1,266,106
131,5,270,103
124,6,263,107
131,15,277,108
111,16,278,98
124,6,267,111
111,8,269,100
116,15,279,105
120,7,279,103
115,16,268,106
108,11,276,98
127,5,277,108
110,11,281,105
118,19,278,96
108,2,267,111
104,8,269,102
120,6,279,101
121,6,271,103
99,0,267,98
106,4,268,111
111,11,273,99
118,8,277,100
110,7,273,104
117,15,278,104
106,3,267,103
97,16,264,107
114,17,263,98
98,2,271,108
95,15,277,104
100,2,263,96
111,13,279,104
107,16,264,106
99,1,276,94
109,7,267,94
91,8,271,101
104,6,267,103
87,7,279,96
104,14,281,96
109,12,280,104
94,6,275,91
104,4,263,107
90,5,263,105
103,7,264,97
101,16,274,92
103,13,264,104
91,17,272,100
84,11,281,97
101,0,266,95
88,0,271,103
94,13,269,104
92,6,271,99
98,8,270,107
88,11,279,106
96,8,271,95
86,16,276,92
89,2,276,100
92,2,266,99
87,10,277,100
92,7,273,99
91,16,276,92
80,12,274,95
90,12,263,101
75,16,271,98
84,2,279,98
84,14,281,104
80,12,266,91
82,17,266,101
80,11,272,106
82,6,267,100
81,4,277,100
92,0,267,106
95,1,272,96
95,11,264,100
81,4,273,107
80,6,281,106
79,19,267,92
92,17,265,105
77,3,266,96
86,19,272,104
88,4,275,98
75,1,263,91
85,12,271,105
91,0,279,91
77,6,266,107
95,2,273,101
85,12,267,103
83,9,273,92
87,17,279,96
90,8,265,107
88,7,274,105
83,1,264,105
87,15,276,103
75,12,276,96
80,16,275,98
91,8,273,94
87,17,279,100
76,4,269,91
75,12,274,92
78,16,265,99
88,4,263,103
71,9,277,104
80,16,271,91
74,15,266,96
71,6,276,95
86,2,268,107
78,11,275,103
76,6,271,103
75,11,268,96
75,8,274,101
86,7,264,105
75,19,280,101
86,1,276,99
70,11,271,92
93,7,277,92
88,2,263,105
80,15,279,103
76,2,266,98
79,15,264,104
77,8,266,107
82,3,279,92
78,19,279,99
93,16,270,95
76,12,273,100
91,16,268,94
84,4,275,105
82,9,278,99
84,15,266,101
84,8,266,103
88,8,270,103
80,0,272,102
88,12,266,95
85,6,275,103
78,0,263,99
75,5,276,94
75,17,278,94
71,12,279,98
79,6,277,94
71,9,276,94
89,8,266,103
78,19,275,102
84,0,277,101
85,12,268,102
94,1,278,100
76,16,265,102
87,11,278,92
86,8,266,94
98,7,278,101
85,7,275,93
84,6,263,97
79,8,277,94
89,9,264,97
82,4,281,89
91,1,276,98
83,17,276,100
83,7,273,91
80,8,264,93
96,8,272,102
80,6,279,103
79,2,277,90
82,8,270,90
85,11,268,102
80,13,270,87
78,3,275,91
84,15,262,102
85,16,274,98
89,14,276,95
91,8,276,98
86,11,264,97
91,7,275,97
88,12,267,95
88,10,263,83
78,1,263,88
82,1,263,96
75,7,278,100
89,11,268,87
84,0,279,89
78,3,274,91
84,7,268,101
87,3,272,94
81,8,271,91
81,4,266,87
94,4,277,93
84,7,277,99
80,2,269,88
86,0,277,96
78,2,272,92
83,17,275,91
95,0,263,96
81,10,265,103
97,1,266,90
97,16,273,92
91,1,269,95
89,8,270,95
82,2,272,91
88,1,274,95
83,16,274,98
89,4,274,86
86,16,276,94
91,10,266,91
88,4,278,99
94,10,268,90
77,11,268,85
87,3,266,84
84,0,281,97
77,13,268,83
89,4,271,95
78,15,267,96
91,16,269,90
91,0,274,86
91,13,275,88
89,4,269,101
74,0,268,96
76,19,263,98
87,16,270,86
88,0,281,85
80,12,279,83
74,5,280,92
88,7,263,83
84,2,263,83
80,7,281,99
80,10,264,90
85,4,275,83
69,16,277,92
69,1,276,94
72,4,278,89
77,16,265,86
82,9,270,95
69,8,276,98
73,2,267,99
81,5,276,95
77,6,276,95
82,8,272,91
82,8,272,91
73,4,270,87
84,0,263,98
84,6,269,97
84,15,267,86
87,0,275,88
74,11,281,93
91,17,279,93
91,9,277,93
88,14,277,93
84,12,279,81
86,18,263,96
82,3,280,92
93,12,275,91
92,14,281,81
83,11,279,92
96,13,268,91
86,0,265,97
94,7,279,97
91,4,268,99
93,1,271,83
82,8,266,85
91,16,268,99
90,7,263,99
88,10,269,99
90,1,273,87
93,2,266,83
97,17,265,91
95,17,268,88
87,0,278,85
92,12,272,83
82,4,263,99
88,8,270,83
90,13,269,98
76,3,267,98
80,10,273,83
89,14,270,92
92,2,269,90
75,17,279,97
91,9,269,87
90,2,274,86
81,5,275,86
81,16,275,95
87,0,274,84
74,19,265,81
72,7,281,89
88,1,277,86
74,11,279,97
72,15,267,81
78,11,263,89
70,11,273,83
69,6,277,84
87,0,279,94
67,19,263,96
71,0,265,86
75,17,268,94
80,4,281,87
80,12,279,84
89,7,264,88
69,16,273,84
84,8,271,86
88,8,275,99
80,16,270,90
75,9,271,87
76,18,262,87
82,13,277,92
86,0,266,90
82,8,270,83
81,10,266,88
71,16,272,87
73,8,266,83
75,5,266,94
68,8,270,95
87,9,265,84
75,14,275,90
82,4,279,97
88,7,267,97
88,11,275,92
92,13,266,92
95,6,262,98
106,7,273,94
112,5,271,98
108,19,264,96
116,4,266,95
104,6,263,98
116,2,263,100
123,1,273,99
130,15,267,96
134,16,273,90
130,1,276,88
133,13,272,93
133,17,278,86
124,3,264,96
115,3,279,99
131,11,275,96
125,12,266,91
124,10,279,83
119,17,272,96
122,3,273,92
117,5,267,92
105,0,266,92
121,0,273,92
125,5,280,98
123,5,269,94
123,8,265,97
117,16,277,84
119,0,273,96
107,13,276,85
106,1,268,98
99,5,272,90
111,13,276,87
102,7,279,88
116,12,269,91
115,0,277,92
102,9,276,86
112,6,265,94
95,18,272,92
112,16,270,91
98,7,281,94
99,5,265,94
111,5,280,84
94,5,263,99
99,12,278,87
98,3,274,83
96,7,273,87
106,4,268,89
94,11,278,87
106,2,270,95
100,11,266,98
93,4,267,85
100,8,281,85
95,17,264,84
89,1,276,83
97,0,265,88
94,7,279,83
88,6,262,97
85,0,268,88
86,11,277,97
94,13,263,96
98,0,272,98
96,6,271,99
100,16,272,99
89,0,278,93
95,15,266,97
93,17,269,93
83,16,270,91
88,11,275,82
95,10,278,88
93,0,267,99
84,8,271,84
89,10,266,99
92,15,266,96
93,11,276,80
86,5,268,95
89,8,276,84
86,15,281,83
78,5,263,93
88,2,271,90
91,14,272,82
84,11,274,84
90,12,270,89
90,9,264,92
87,17,276,84
80,2,270,87
74,8,273,98
80,8,272,86
75,3,264,88
76,15,278,91
89,16,268,84
87,4,266,90
87,16,279,92
84,16,265,94
74,4,282,79
77,2,266,84
74,11,274,96
76,15,263,88
74,0,275,89
72,13,266,94
72,8,270,82
83,3,278,78
74,14,278,86
72,6,275,83
74,2,279,90
72,2,281,97
72,10,269,85
63,0,279,93
70,17,270,94
80,4,266,89
66,12,270,79
68,0,275,91
76,4,271,95
67,16,276,84
72,10,272,79
69,8,266,83
61,16,266,80
64,1,268,84
79,1,265,89
76,2,279,90
80,16,266,79
66,2,279,78
64,4,267,83
69,12,275,86
65,0,272,92
77,0,266,81
59,0,278,89
70,3,264,85
74,4,279,86
61,2,270,79
77,16,276,88
76,8,276,82
55,5,272,84
73,8,270,78
75,17,277,80
70,16,266,90
62,4,263,83
77,16,279,89
57,2,266,84
77,15,265,90
65,16,266,95
66,3,281,90
68,1,279,82
62,17,277,85
75,8,270,93
61,4,272,87
60,12,267,87
61,10,265,93
74,0,263,85
66,12,270,95
61,8,271,83
75,7,279,92
62,4,281,91
61,0,269,90
55,5,275,93
68,2,281,86
72,2,268,95
73,11,278,80
66,16,267,84
60,13,276,84
56,2,276,87
63,5,279,88
67,17,272,80
69,0,277,88
69,13,268,81
61,4,264,79
53,8,268,78
55,16,274,79
66,0,263,83
71,12,272,80
55,7,270,88
50,1,281,86
67,12,266,83
63,12,276,95
60,6,263,90
53,9,274,86
67,0,275,84
49,10,278,82
56,12,268,91
52,2,271,86
56,2,276,75
66,5,268,78
68,13,272,88
64,1,276,90
59,5,274,88
55,1,280,85
56,6,265,76
62,7,275,89
57,1,273,75
47,17,265,88
66,16,269,80
67,3,268,86
58,13,265,89
47,5,264,89
52,9,272,82
60,15,271,91
51,0,264,83
63,15,268,80
58,3,276,91
64,16,273,86
56,2,281,91
52,11,267,93
67,16,268,84
63,8,281,78
56,1,268,91
48,16,266,78
59,1,268,77
48,1,270,79
65,16,272,88
45,10,267,80
64,4,267,84
51,7,264,88
57,12,264,89
62,0,271,93
56,8,270,91
56,13,271,79
52,11,271,91
56,16,265,79
61,15,270,91
57,13,277,79
48,12,270,94
60,10,267,87
63,0,281,89
53,4,278,85
51,3,276,90
64,1,267,84
54,2,279,78
64,12,266,82
51,1,270,90
63,17,265,80
53,2,275,80
48,6,265,81
63,8,270,93
55,13,278,89
64,9,266,83
64,9,268,90
65,16,274,86
56,10,277,93
45,18,278,88
59,1,276,86
58,16,266,82
52,12,274,87
45,15,277,82
52,8,273,86
57,0,280,84
52,4,270,87
43,1,279,78
47,7,263,91
55,11,274,76
53,10,277,80
48,8,274,79
53,8,270,89
51,9,266,78
61,13,271,78
56,6,263,87
49,8,277,84
56,2,273,83
46,13,271,80
45,11,274,78
60,18,267,87
66,8,274,82
51,14,273,82
67,4,279,75
68,8,281,77
72,12,271,91
63,15,282,90
80,16,276,78
72,7,277,88
80,16,264,74
80,1,264,87
81,16,266,84
86,0,272,76
71,1,279,73
89,0,266,75
85,0,275,76
87,1,267,81
84,6,271,85
85,2,276,82
86,7,281,72
78,10,265,86
84,3,263,75
91,13,276,86
77,13,268,71
91,11,276,82
77,12,268,74
85,4,274,89
77,14,272,82
81,0,277,88
90,13,265,88
75,9,278,77
86,17,280,83
86,16,276,84
91,12,266,79
80,10,263,87
87,15,263,84
88,16,264,91
80,7,280,88
87,9,264,81
81,17,278,80
89,8,263,75
90,9,268,87
73,16,266,80
74,8,268,76
76,0,267,79
80,12,268,89
81,0,268,83
76,9,276,76
69,0,278,76
83,13,263,84
87,0,267,84
79,15,269,88
67,0,268,84
79,1,276,86
76,7,267,80
80,4,271,89
69,16,268,74
83,0,263,77
74,11,273,78
84,16,276,78
78,16,276,76
81,1,272,74
86,9,280,82
78,8,265,79
85,0,268,72
76,7,279,78
76,10,275,89
72,7,262,79
68,8,272,89
66,4,268,83
79,16,277,76
66,13,266,77
68,7,271,75
74,2,268,89
74,3,273,82
67,17,279,84
77,13,277,78
61,10,274,76
64,13,270,83
76,12,270,87
76,4,266,74
75,10,267,86
79,0,277,80
70,15,264,72
77,13,274,84
77,0,274,76
59,3,263,77
63,1,280,73
72,11,263,83
61,5,279,74
73,11,279,84
59,11,273,90
57,14,275,84
73,0,274,78
69,11,275,76
72,2,276,74
65,15,272,76
75,16,275,76
67,0,279,81
72,6,281,71
68,12,271,75
66,1,263,83
67,16,268,82
68,12,266,83
68,7,263,87
69,0,267,87
57,12,281,74
62,3,263,81
58,7,278,85
58,15,278,76
69,4,276,74
69,16,265,81
69,1,272,74
67,7,270,80
71,3,274,73
71,3,269,72
52,6,277,86
56,12,266,75
61,4,267,81
66,16,277,80
64,16,271,78
65,1,270,83
66,12,277,70
66,4,275,79
58,12,262,87
69,13,268,84
56,7,281,86
66,8,275,81
69,12,266,76
56,1,272,75
51,11,278,81
69,9,266,89
56,8,278,85
64,0,279,72
63,11,269,87
60,8,273,72
49,1,273,82
53,11,267,81
70,15,278,80
59,2,275,81
54,11,269,80
64,9,269,86
69,16,276,82
62,1,279,74
60,0,278,88
54,11,265,75
55,16,278,76
56,2,275,76
63,2,275,75
54,15,263,80
66,1,276,87
66,16,266,79
56,2,271,85
57,8,266,74
47,3,279,80
60,6,277,86
62,9,278,71
65,12,272,90
62,5,274,87
66,16,278,72
58,4,269,85
53,12,269,89
59,14,272,84
63,4,281,77
60,2,266,79
60,16,268,83
47,19,280,88
64,12,263,73
61,10,280,76
56,4,265,90
64,2,268,80
67,17,274,82
69,8,272,77
59,4,268,87
64,11,277,82
69,12,263,73
59,12,270,73
72,6,282,89
77,2,272,78
56,2,270,76
67,7,280,76
58,1,279,88
68,4,271,89
73,12,271,87
68,6,277,80
73,11,282,82
71,5,267,76
79,14,268,84
60,8,268,83
77,10,268,79
59,16,271,83
78,4,276,75
67,11,277,85
78,5,280,78
68,12,270,75
72,6,273,73
71,16,271,79
65,0,263,77
69,8,266,83
80,12,272,71
68,17,265,77
81,1,266,90
64,11,274,90
66,3,277,90
71,17,280,90
67,3,276,90
66,3,276,91
77,12,268,86
73,7,269,91
61,8,266,91
65,7,278,84
60,15,271,90
67,3,271,78
63,0,273,91
59,16,276,88
77,4,276,84
79,1,277,80
67,16,280,76
65,12,263,92
71,11,277,84
72,16,272,83
63,1,270,89
70,2,271,91
72,6,267,91
72,13,270,87
72,2,269,90
72,0,274,85
56,9,268,91
57,12,270,83
59,12,272,90
56,2,270,91
65,16,273,81
67,17,273,77
71,9,272,88
67,17,279,80
70,12,268,87
59,1,266,85
71,16,275,80
65,1,279,87
53,12,275,73
63,2,283,75
64,12,270,89
56,2,267,73
68,13,272,79
57,10,281,84
67,3,277,84
49,17,280,80
50,16,268,80
53,16,274,79
61,6,268,78
71,15,280,88
61,4,276,88
60,19,276,80
66,16,269,78
61,7,265,77
62,2,279,77
56,6,271,75
64,7,265,91
58,0,265,88
58,3,280,77
52,15,281,77
65,8,274,79
62,12,263,82
57,0,275,88
51,8,279,89
65,15,269,90
55,11,269,86
62,4,268,79
59,8,280,89
60,14,275,87
68,10,279,94
54,18,283,90
62,9,269,85
62,6,275,87
66,4,265,88
66,3,263,77
60,15,274,85
52,12,270,91
60,11,277,88
69,10,271,94
61,3,271,87
54,19,268,92
66,9,274,87
67,2,283,83
72,12,279,93
69,2,278,93
74,2,272,84
55,3,277,92
64,6,270,93
64,11,278,79
69,4,266,93
66,12,270,87
70,7,263,91
68,7,265,90
69,12,269,83
60,3,280,84
68,0,280,80
68,19,266,90
69,12,276,82
64,12,267,75
62,3,279,87
63,9,276,88
63,4,279,89
56,9,275,76
66,11,281,88
69,2,276,77
60,15,283,75
51,0,270,80
56,15,275,77
53,3,280,84
51,11,280,78
57,7,267,92
56,4,281,77
56,14,281,92
70,1,276,79
55,14,278,84
64,6,273,79
56,8,271,79
53,9,272,82
51,16,268,77
57,1,276,76
47,3,266,89
52,4,270,89
61,13,272,86
54,0,272,83
65,0,275,85
58,0,270,83
60,6,271,75
63,10,266,75
47,11,268,82
60,6,269,77
59,15,281,81
65,4,265,75
62,12,282,77
54,17,269,89
66,10,277,86
52,19,269,82
54,11,275,80
53,12,282,87
55,7,281,89
62,15,283,80
62,1,280,88
56,1,268,83
57,16,277,88
70,4,278,79
54,19,274,83
71,0,270,80
70,17,267,86
71,1,280,76
51,0,277,84
51,3,266,80
55,9,275,77
71,3,279,84
63,11,272,82
58,2,271,77
69,0,278,78
71,9,270,88
60,11,275,89
49,6,276,90
67,2,275,81
70,17,269,88
63,4,280,84
60,0,271,84
65,13,273,78
57,2,268,78
55,18,280,88
58,16,268,83
54,7,275,89
50,9,281,88
71,0,268,89
66,0,269,88
54,10,281,90
54,7,280,82
52,8,274,75
65,12,273,80
64,1,277,82
55,16,269,82
54,12,268,90
51,12,272,90
63,8,274,77
67,16,275,76
61,11,280,77
47,17,281,88
61,14,273,88
64,4,266,91
64,7,267,80
52,18,266,82
64,2,277,79
63,0,277,78
47,1,281,83
52,10,281,90
47,0,279,84
51,17,272,84
51,10,277,79
60,11,283,91
67,15,268,84
65,8,278,86
54,19,279,91
52,18,279,91
62,15,280,76
59,11,281,88
45,7,268,86
59,18,281,78
54,12,270,93
54,0,273,89
60,11,280,77
45,16,277,79
50,4,281,89
50,2,275,90
47,3,275,88
50,12,266,87
61,0,279,88
63,1,274,90
58,19,281,84
47,5,272,84
54,1,283,91
60,2,269,85
61,11,276,84
49,12,278,86
64,4,272,79
67,0,278,89
60,14,279,87
47,17,271,83
64,16,268,86
56,6,277,94
62,0,268,89
64,8,271,79
48,12,269,94
50,11,281,88
59,5,280,79
63,12,280,88
60,12,272,85
55,19,281,80
47,0,279,82
52,6,283,87
55,2,271,84
66,9,282,92
56,4,276,89
47,16,269,80
51,8,268,89
53,6,277,78
43,13,278,79
60,4,281,87
60,2,281,93
60,4,283,85
53,4,283,77
52,0,278,96
60,6,277,88
51,4,281,94
61,4,276,91
64,16,267,90
48,11,280,86
64,1,276,79
63,11,282,80
55,8,266,88
52,19,279,91
52,5,271,90
60,2,268,89
43,13,280,84
61,1,270,86
53,11,277,79
52,0,263,77
52,11,273,93
45,12,273,87
48,15,266,91
57,11,271,91
54,15,271,93
47,7,267,88
55,16,280,79
53,10,270,95
64,15,263,88
64,3,272,86
71,0,277,92
54,14,283,75
58,0,280,85
53,8,266,82
55,15,268,80
71,13,276,84
65,4,274,84
63,0,282,82
60,11,281,89
71,10,269,84
66,4,272,78
55,0,275,80
54,6,263,82
67,8,266,83
59,17,272,78
51,13,269,78
60,4,268,83
67,11,272,80
48,16,277,86
57,10,276,76
64,16,276,78
65,2,266,84
52,10,281,89
59,17,277,88
49,0,280,76
62,0,279,80
58,11,271,88
67,5,276,76
61,7,272,88
67,9,267,80
63,7,265,82
47,7,274,89
55,17,281,80
66,16,268,83
56,2,278,86
56,2,273,91
62,6,279,85
56,9,269,82
47,17,281,81
63,0,277,88
62,0,274,91
47,5,268,79
66,15,281,84
51,13,277,88
47,0,266,80
50,0,266,89
54,17,271,88
59,7,274,82
64,5,266,86
64,11,268,83
52,17,280,88
47,0,268,86
45,5,281,88
50,11,278,80
64,16,276,82
57,4,278,73
64,2,270,75
47,9,275,76
52,2,283,73
47,8,277,78
46,1,274,85
60,4,271,89
62,8,273,87
65,16,278,81
54,16,268,75
61,4,266,73
45,1,276,82
55,9,268,86
52,7,281,89
57,13,271,83
44,2,272,88
53,0,263,75
44,16,273,76
43,0,272,76
46,0,279,81
52,13,274,78
60,12,268,87
59,12,268,79
58,12,263,73
46,15,281,83
43,6,276,76
47,0,280,76
63,1,275,84
60,15,266,80
64,10,264,75
52,11,264,86
46,8,273,78
55,16,266,79
52,6,269,83
52,7,279,87
48,12,271,83
45,2,271,79
47,8,269,76
54,11,280,78
55,19,268,88
62,17,272,89
53,17,273,88
46,0,272,84
54,3,280,86
49,12,262,87
54,1,263,87
48,2,281,88
54,11,263,88
53,12,272,79
50,10,281,90
55,1,278,80
48,10,267,83
48,11,277,81
59,1,278,76
52,0,271,78
58,4,265,89
64,9,271,78
45,9,279,84
46,10,275,76
47,15,273,87
55,1,264,75
59,4,263,89
45,0,268,82
46,4,278,78
63,17,273,82
52,12,271,93
54,7,276,91
48,12,274,83
56,10,271,83
52,7,263,74
58,4,281,88
61,2,266,91
64,0,272,79
57,16,278,88
51,12,274,88
47,7,264,80
52,4,274,93
50,16,267,85
43,0,268,84
54,17,279,88
65,3,272,88
63,14,280,88
61,16,264,77
56,11,267,81
47,11,278,84
59,1,276,90
45,5,276,91
58,12,272,91
52,7,275,83
56,10,277,77
55,15,279,86
59,0,270,91
49,8,266,83
63,3,279,88
49,2,279,93
56,8,276,82
63,5,273,86
44,6,263,75
46,1,276,78
61,7,265,81
50,1,281,92
60,0,265,85
49,8,271,91
57,12,271,94
63,0,268,89
47,15,269,84
48,13,270,91
62,15,265,88
55,3,270,82
59,15,272,91
59,16,269,84
62,2,271,90
47,13,276,88
63,0,280,88
56,14,263,91
50,1,278,82
49,16,264,79
56,8,266,91
57,3,270,82
53,1,274,84
47,1,265,82
63,0,280,81
66,0,278,89
55,11,277,90
64,4,266,80
65,1,278,80
58,11,270,83
59,10,276,84
49,3,276,84
43,5,279,88
52,3,273,86
45,16,276,82
62,13,276,80
48,16,265,87
63,12,271,86
48,12,274,83
49,4,275,83
58,12,262,91
52,3,279,80
60,3,275,79
52,2,281,91
60,7,263,87
58,0,278,76
60,14,266,91
61,11,266,90
56,8,262,93
58,1,266,91
50,12,266,90
50,4,278,79
65,14,266,88
49,15,278,88
63,3,264,91
50,19,263,77
47,19,277,84
45,15,266,82
47,7,273,88
58,19,272,91
53,17,278,80
64,12,270,91
58,3,279,85
52,6,269,79
61,0,263,85
48,4,276,75
46,2,268,82
65,10,277,82
48,16,265,83
56,15,263,92
59,5,266,80
49,4,278,81
65,16,266,80
55,0,268,80
48,11,279,90
50,19,265,80
65,1,274,85
63,12,273,86
48,12,271,77
62,1,280,88
52,1,267,80
50,13,263,81
61,9,269,86
66,16,268,86
60,15,265,94
57,13,278,92
59,13,278,79
49,6,266,84
47,17,279,91
55,3,278,85
64,16,276,78
51,12,272,88
59,1,272,84
63,17,277,80
66,15,277,80
61,5,269,78
55,11,270,90
50,11,273,91
52,4,271,91
57,8,275,79
57,8,270,87
66,11,276,80
52,4,281,89
57,14,275,83
51,14,263,88
57,5,275,78
46,13,264,80
59,11,276,78
48,16,274,84
46,1,267,82
63,18,279,88
57,14,272,88
50,8,273,79
42,7,263,80
52,2,279,83
59,8,277,77
49,12,267,94
51,0,272,84
43,11,280,80
53,8,270,84
55,5,278,90
54,0,263,88
48,12,270,93
43,5,279,91
43,9,276,90
52,3,277,81
56,8,270,79
55,15,280,80
52,7,269,78
61,11,272,78
61,3,276,86
51,1,265,81
51,3,267,82
57,4,271,84
45,12,281,87
47,15,279,91
57,14,277,84
47,16,271,77
56,6,265,89
50,4,279,77
58,12,271,79
48,0,281,92
44,4,271,81
51,8,279,75
56,12,272,75
45,1,264,78
55,1,280,77
58,8,266,90
59,3,266,88
52,3,275,80
49,12,268,77
50,6,271,79
56,12,268,75
45,15,262,91
43,15,278,88
48,12,271,89
46,11,280,92
53,16,269,78
48,0,279,86
53,6,277,83
48,8,274,93
55,8,270,79
60,16,275,78
49,8,277,91
45,0,274,83
45,6,273,75
51,9,270,81
56,4,274,77
61,7,265,89
48,6,266,93
54,16,264,91
49,2,267,85
48,10,269,87
49,16,273,84
43,12,270,86
48,12,264,93
46,10,279,87
39,15,276,88
57,5,265,79
57,16,272,84
56,6,263,93
56,8,272,87
57,4,275,82
48,10,263,91
44,4,267,93
43,5,272,88
46,14,263,85
42,0,279,78
49,6,281,87
52,8,275,75
47,1,266,86
59,0,265,84
37,7,278,85
39,1,271,89
44,15,279,85
51,13,276,82
52,4,271,89
52,4,278,91
39,9,272,80
46,14,263,81
51,1,276,88
43,0,266,79
39,9,266,90
51,10,266,75
52,10,270,75
53,4,271,82
51,11,269,80
43,17,279,76
38,2,270,91
53,11,270,77
42,7,265,83
46,0,277,75
50,4,279,77
49,8,278,87
51,12,263,77
42,13,279,80
52,12,265,78
52,11,263,75
47,16,267,76
56,8,281,89
59,2,269,76
52,10,263,81
56,4,270,93
59,16,268,84
45,5,277,84
63,0,278,83
45,15,276,88
54,2,266,84
51,0,277,80
46,7,270,92
57,6,280,93
58,8,272,78
47,1,278,88
51,11,268,81
61,2,270,91
57,12,270,95
58,19,279,88
61,10,273,94
50,13,274,86
45,5,266,80
50,0,280,87
60,11,276,82
58,8,279,91
59,1,268,79
45,8,274,82
49,6,276,80
63,17,276,78
58,8,268,91
47,10,268,79
54,11,275,80
54,2,266,90
51,11,272,80
61,16,270,82
64,9,274,84
62,1,270,92
64,16,276,82
64,16,273,82
61,16,276,80
61,6,273,84
51,15,278,83
63,1,277,82
53,12,266,94
48,1,264,78
59,15,277,81
49,13,270,84
63,0,278,79
50,12,275,93
62,9,267,84
47,17,264,82
64,5,270,90
47,17,265,92
57,11,278,92
65,8,276,82
53,2,276,92
65,10,269,92
60,6,277,95
56,6,262,81
53,0,279,88
56,6,271,83
59,15,278,90
64,9,272,89
62,3,278,81
50,11,275,83
66,11,272,80
60,7,263,92
57,12,277,82
52,19,275,84
47,7,279,88
59,7,265,81
52,15,281,86
45,13,276,86
62,12,266,79
48,4,281,77
55,8,276,79
46,3,269,79
59,16,276,84
48,9,264,90
50,3,264,91
58,2,266,91
51,13,276,80
43,11,279,85
60,10,268,87
50,12,265,89
46,5,278,80
52,7,267,93
52,7,263,80
52,3,279,94
57,4,275,85
59,0,267,93
59,8,264,87
44,13,268,85
46,15,281,87
55,8,266,92
47,15,265,88
52,0,279,82
56,9,273,81
46,15,273,89
58,7,263,85
43,16,277,84
53,10,268,93
54,19,273,82
43,9,277,78
49,11,277,88
58,2,271,91
59,16,266,78
58,8,267,91
52,10,281,78
50,5,272,94
56,7,271,96
46,10,275,86
43,11,275,88
61,11,279,91
63,12,266,92
59,14,278,92
43,13,274,88
63,3,279,81
59,12,266,89
56,15,280,96
43,0,276,82
59,9,265,92
53,16,270,84
50,4,275,95
52,12,279,79
50,13,272,93
61,3,271,91
52,8,273,91
46,6,276,91
55,11,268,92
62,8,271,87
45,10,275,82
51,13,277,81
64,5,276,92
54,0,281,96
60,1,268,79
63,0,264,91
63,2,276,95
53,7,277,90
54,13,270,80
57,16,272,84
60,6,279,90
61,14,275,80
67,17,265,92
59,0,274,96
49,12,270,89
56,6,262,85
62,4,276,81
49,16,270,95
52,1,275,96
50,15,281,86
51,0,264,88
67,9,272,82
49,2,269,93
49,0,276,92
48,12,279,85
50,4,270,91
53,12,270,82
57,12,271,91
62,15,263,96
65,16,276,84
56,4,275,91
61,0,266,89
52,12,271,95
58,12,277,91
56,11,265,89
61,16,278,80
60,12,277,81
46,7,267,96
61,12,266,79
61,8,270,97
63,0,265,93
60,2,281,87
65,11,268,88
46,16,276,86
56,4,265,79
56,4,279,83
48,9,266,95
45,5,276,79
55,5,268,86
50,8,266,86
65,16,270,86
60,6,281,97
56,6,279,97
63,12,264,86
62,1,271,97
65,5,275,84
46,15,277,89
63,10,279,91
47,17,275,91
47,13,269,81
65,17,273,84
65,11,268,82
64,12,269,78
46,13,266,82
63,4,263,95
50,2,267,95
63,12,268,79
60,7,274,84
50,15,275,89
64,1,276,86
54,16,268,86
57,12,263,95
50,4,277,95
55,12,264,81
54,3,274,91
51,8,266,91
57,9,267,92
52,15,263,85
56,0,279,91
65,1,268,84
54,9,263,93
56,14,263,90
50,5,276,80
51,2,268,79
46,11,276,91
56,2,267,83
58,1,279,82
60,0,279,91
60,15,271,81
67,10,273,86
68,4,275,91
56,12,269,99
67,0,266,88
71,6,265,92
71,17,276,88
74,5,276,86
74,1,265,89
72,12,263,82
73,13,276,92
60,8,265,90
60,11,265,96
65,16,268,84
71,1,277,86
67,16,278,92
65,0,274,84
71,15,266,92
64,12,271,81
62,7,275,93
63,0,277,97
72,6,281,91
55,16,276,87
69,6,265,84
62,19,278,90
62,3,281,96
58,0,270,95
73,17,275,88
64,10,275,85
67,1,272,81
70,11,271,91
74,15,264,96
71,17,279,84
59,16,278,84
72,4,266,87
57,12,270,91
60,19,270,81
69,0,269,88
74,16,268,88
60,4,277,96
63,8,270,99
71,16,273,86
59,12,263,93
68,10,269,80
56,14,281,92
60,18,277,96
55,6,275,79
69,1,268,94
63,0,263,88
56,6,275,89
57,1,276,83
57,7,275,84
54,0,263,93
60,13,268,96
59,0,268,87
57,0,275,87
53,2,279,92
52,17,267,96
65,7,273,92
63,6,270,92
66,0,278,83
64,4,279,81
64,16,267,84
67,4,272,88
56,14,281,80
54,15,281,85
52,5,280,92
65,8,263,81
53,10,270,78
60,6,268,83
54,2,266,93
61,12,266,79
56,2,271,90
61,7,267,83
62,6,277,86
63,10,277,87
47,0,279,80
54,16,274,88
55,12,270,83
52,7,263,83
62,4,274,89
69,10,278,92
66,16,270,78
61,8,266,79
49,10,268,84
64,16,268,82
49,4,276,90
63,11,278,85
59,5,273,87
49,15,279,88
46,2,276,87
47,17,270,82
49,12,266,93
54,0,267,88
56,6,277,78
54,13,270,91
61,0,266,83
57,9,272,80
59,15,275,91
62,19,271,91
47,11,263,93
46,5,265,90
61,4,279,93
53,0,272,88
60,0,263,91
62,0,275,89
53,8,270,87
66,16,266,86
56,6,277,93
60,2,279,78
49,6,267,96
61,4,279,79
56,4,270,85
61,1,270,80
61,7,265,84
62,6,278,80
54,3,272,91
57,4,277,86
51,8,264,87
51,1,277,90
50,0,271,87
59,4,270,83
57,14,274,88
53,1,277,90
52,11,277,80
63,18,279,90
65,15,275,78
60,9,268,77
50,12,272,87
51,9,273,92
54,19,279,78
64,0,266,87
64,16,269,87
50,4,277,96
59,12,267,93
52,3,271,96
56,6,279,85
64,8,272,84
46,13,268,84
52,12,270,78
60,0,266,79
65,11,265,88
49,16,268,84
64,16,273,82
56,6,268,91
56,16,272,79
60,18,274,80
57,16,266,88
56,4,264,77
54,8,265,95
64,16,268,79
48,2,273,80
60,18,273,90
43,0,277,84
51,10,278,89
48,12,268,89
60,18,269,91
54,0,267,84
48,8,271,91
63,5,265,82
44,14,274,91
58,1,279,75
60,4,275,75
55,6,270,82
59,14,272,89
59,8,279,78
49,0,269,85
55,17,266,83
49,11,279,89
59,2,266,84
43,17,272,84
61,9,275,80
55,17,273,80
56,4,266,79
65,3,273,89
60,12,276,95
60,0,279,89
55,8,267,78
51,1,277,81
56,7,277,90
48,0,276,93
64,0,270,79
63,5,272,84
45,0,279,79
61,5,272,89
60,5,267,80
59,0,275,82
53,13,277,84
49,4,281,97
64,12,269,87
53,12,272,79
56,7,277,81
48,3,266,84
63,13,281,80
66,9,281,82
52,4,270,79
59,13,277,80
67,0,272,88
48,3,279,82
64,10,268,77
52,3,274,93
52,13,272,92
49,0,275,92
54,14,265,80
61,17,277,90
64,9,276,82
64,16,276,82
50,6,275,81
60,2,274,93
56,2,277,90
61,4,275,79
60,8,266,83
63,15,277,89
63,3,275,86
48,15,267,87
44,0,281,85
52,6,263,90
43,2,272,82
63,0,265,84
52,2,267,93
58,8,266,83
60,12,278,84
56,8,281,82
48,4,277,78
56,6,279,95
57,1,276,91
59,9,280,92
50,10,271,95
50,3,272,80
52,15,265,83
51,0,265,80
48,4,282,79
55,8,276,79
42,5,273,83
55,2,269,82
42,1,281,93
55,8,270,94
39,17,266,88
49,8,268,77
57,12,269,89
58,3,265,80
46,5,277,85
52,10,269,93
61,1,279,85
54,17,277,80
45,13,272,88
57,12,266,86
48,4,278,93
43,16,272,84
56,0,273,77
44,14,283,79
46,0,271,82
48,1,266,79
51,19,275,80
51,15,277,89
50,16,268,78
53,0,271,85
48,2,271,91
57,12,263,79
39,7,280,80
47,17,274,77
52,9,277,89
58,8,271,77
50,12,271,93
44,12,273,81
48,10,278,85
57,4,271,81
57,13,264,78
48,12,266,79
51,11,274,82
49,8,272,78
63,3,274,84
57,12,275,83
48,8,266,75
51,0,274,80
59,15,265,88
43,16,271,79
54,7,265,90
50,11,279,90
64,11,274,79
52,7,281,91
58,1,272,79
60,16,266,88
57,16,277,84
48,4,276,82
51,6,265,82
44,18,279,91
44,14,282,81
44,10,281,80
46,0,280,76
48,1,266,91
47,14,276,76
59,11,272,79
48,12,279,91
47,15,282,82
49,2,276,79
59,17,275,85
44,16,265,75
52,0,267,79
52,6,269,90
44,2,263,77
52,6,269,81
43,12,278,79
47,19,266,85
55,15,278,83
44,18,279,86
50,2,282,83
41,13,268,80
59,1,275,76
42,7,269,74
56,6,281,85
54,12,271,83
48,12,278,91
56,2,263,76
48,12,279,75
52,11,265,82
59,0,270,88
59,0,263,81
44,0,277,88
54,2,277,73
48,4,268,75
58,5,269,76
47,7,280,81
39,17,264,80
58,11,277,78
56,12,276,74
55,12,270,78
53,10,268,83
49,0,279,77
57,2,268,76
55,9,273,81
54,7,266,86
44,11,265,78
57,0,278,84
35,7,279,88
57,15,270,85
40,4,268,91
55,7,273,88
44,10,263,75
35,5,267,89
40,4,280,83
46,9,270,74
55,0,271,88
49,0,275,87
47,11,272,80
39,17,280,80
49,2,275,78
39,9,278,80
46,19,281,86
55,8,266,78
44,18,281,87
44,3,277,89
40,12,278,91
38,3,279,74
48,4,263,82
40,6,263,89
49,14,271,74
47,0,279,76
55,2,274,88
46,1,264,83
48,4,269,89
53,13,270,79
52,16,276,87
39,12,266,82
41,8,271,79
55,16,279,88
36,0,274,84
38,18,277,90
46,13,265,76
37,1,272,84
57,12,266,86
52,6,269,76
48,6,269,75
52,7,269,75
48,4,275,93
46,0,268,79
46,2,268,84
59,10,278,78
54,0,277,77
42,12,278,79
47,3,277,83
56,16,270,84
55,1,276,78
42,19,273,87
51,0,267,81
44,12,278,91
49,10,267,91
47,17,275,88
44,4,278,91
49,12,272,85
54,18,265,90
47,6,276,86
42,16,270,84
50,7,265,86
46,6,263,77
45,6,268,83
60,16,266,88
55,9,266,79
54,15,266,77
52,7,279,79
51,16,267,84
58,0,277,78
59,2,280,81
52,11,275,75
39,13,281,82
58,16,269,82
56,12,270,87
46,15,271,91
53,1,278,78
51,0,277,89
45,18,278,81
55,10,265,83
52,17,280,81
59,17,273,85
49,8,276,84
38,0,279,81
44,6,279,80
42,4,275,79
55,17,268,92
57,10,272,84
56,5,277,84
42,0,282,89
56,6,279,83
38,16,273,82
45,6,267,93
48,4,273,91
52,4,270,89
45,12,271,94
55,15,265,96
49,17,274,92
42,1,273,84
59,11,279,83
53,16,277,78
52,0,263,96
56,12,266,95
40,14,265,81
59,10,280,88
55,7,279,82
52,4,274,91
57,16,268,80
49,0,274,78
43,0,282,80
46,15,281,89
46,7,279,93
50,13,271,96
51,0,273,90
61,15,280,84
41,11,276,87
53,12,271,93
39,17,278,88
59,4,275,95
57,4,281,91
60,11,278,84
64,16,272,82
59,1,268,87
55,17,279,92
46,1,274,81
59,4,272,94
51,8,279,92
58,15,271,89
51,17,279,86
55,14,277,92
67,16,270,82
61,0,283,91
52,13,268,83
58,12,271,83
62,0,279,81
61,8,266,95
53,13,270,79
49,4,263,77
61,7,265,91
57,12,271,79
50,0,270,83
51,0,277,88
52,2,269,92
55,2,268,82
62,13,273,90
58,11,277,86
59,5,275,80
60,8,271,87
55,16,274,88
55,16,271,79
52,3,269,87
52,11,267,92
64,10,271,90
60,2,265,89
48,7,263,86
60,2,279,96
50,12,281,79
58,17,279,85
65,3,268,88
59,17,276,84
64,16,276,90
45,0,272,81
48,6,282,77
64,13,273,84
61,0,280,88
50,7,269,86
52,4,270,83
61,16,274,86
60,6,269,92
60,2,278,92
56,2,263,78
56,7,265,81
48,8,267,96
48,2,271,79
58,6,279,79
55,8,274,89
63,15,272,89
53,1,276,86
54,17,277,80
54,0,280,86
57,8,276,91
55,1,275,85
57,4,263,83
64,0,277,79
65,0,268,88
50,19,274,92
51,16,274,82
57,10,266,83
47,7,277,91
60,15,265,96
45,16,273,84
60,10,266,86
48,12,275,85
55,15,278,80
53,3,272,86
46,0,280,81
50,15,278,93
63,2,265,80
60,10,278,95
52,6,282,95
43,0,266,90
56,10,270,94
62,19,272,91
45,13,267,86
56,0,267,82
60,1,281,82
54,1,263,81
60,11,278,80
47,4,267,89
52,7,268,90
47,4,281,81
49,2,276,90
59,1,269,79
51,11,276,82
54,0,268,83
59,1,265,91
48,0,268,95
47,8,274,92
56,7,267,97
57,2,268,92
59,5,269,88
43,0,277,93
55,11,274,86
58,13,272,84
56,2,266,95
60,2,276,87
43,3,268,87
61,3,267,86
47,6,266,90
60,8,268,86
54,3,267,87
51,17,281,96
51,0,280,92
52,15,279,96
59,3,268,84
44,14,281,94
46,17,267,89
55,16,272,92
55,14,272,79
45,12,267,88
51,1,268,84
47,0,272,80
55,17,271,90
56,16,268,94
54,11,267,96
64,1,276,86
43,14,268,86
60,8,276,95
62,8,268,94
58,16,278,84
58,6,265,78
56,10,263,91
59,0,277,88
59,7,270,82
56,8,263,81
65,14,266,88
45,8,279,88
58,6,279,79
62,10,268,87
48,6,281,91
60,6,277,79
48,4,274,89
62,12,268,95
52,15,263,93
63,11,280,92
63,8,279,92
63,15,278,82
62,2,266,95
62,2,270,95
56,16,270,79
58,10,283,94
55,15,275,92
48,15,278,91
57,6,263,95
44,1,277,84
52,3,263,96
60,0,278,91
57,8,266,82
47,16,274,84
64,11,272,78
64,1,276,84
61,7,265,82
47,19,276,85
56,6,266,83
49,16,269,82
60,7,271,81
48,8,266,95
51,1,272,90
59,0,275,85
56,14,277,79
47,11,263,92
47,15,272,83
41,7,278,90
54,0,269,84
57,9,267,84
55,0,281,93
58,0,268,75
59,8,269,91
52,2,276,75
41,16,270,79
47,14,278,93
55,0,267,92
59,15,269,81
55,16,266,83
54,7,281,93
66,7,265,88
61,17,277,89
65,12,270,83
51,0,277,90
54,9,281,85
66,4,268,83
67,7,268,83
58,0,263,95
67,10,268,95
52,0,270,79
49,13,277,84
58,13,268,78
64,2,277,93
47,16,267,84
66,16,272,86
66,1,276,86
50,0,273,86
63,0,263,78
54,11,281,89
52,7,263,81
52,10,271,78
50,3,280,91
61,10,272,82
60,10,270,80
47,4,276,79
52,0,281,91
49,4,269,91
64,10,277,79
64,3,269,82
59,3,266,80
50,8,275,75
55,4,270,77
65,10,271,91
60,7,277,92
58,2,280,92
49,14,269,77
51,3,276,88
62,17,278,81
63,2,278,89
65,15,265,90
57,1,276,91
64,16,276,88
59,10,268,79
51,10,277,82
54,13,272,88
54,16,273,84
54,12,276,82
65,8,270,87
59,1,276,91
64,16,266,79
60,14,271,80
65,13,275,80
60,8,276,78
47,8,277,86
67,0,272,88
64,16,270,82
61,10,281,93
67,16,265,88
65,5,276,86
47,1,266,88
60,14,275,93
60,4,275,95
47,0,273,78
58,0,273,76
64,4,268,90
49,3,276,88
62,19,270,92
55,7,278,78
67,1,273,90
54,11,263,81
67,10,273,84
53,4,277,88
61,8,271,87
56,12,273,93
52,11,278,83
67,16,279,89
66,4,268,93
58,12,271,79
52,4,271,77
67,17,279,84
51,5,278,88
52,14,269,94
60,17,268,83
58,11,264,90
69,17,272,80
61,16,270,81
52,16,272,86
56,14,271,82
47,0,266,90
59,11,270,89
65,12,271,77
67,17,265,89
57,1,270,77
66,8,271,79
59,16,270,82
54,13,265,93
67,1,268,84
69,16,276,86
63,4,263,91
61,7,269,88
60,6,263,89
66,11,277,84
60,10,269,86
75,3,276,86
75,3,269,88
75,7,281,92
55,0,265,92
73,10,276,90
57,5,276,95
67,4,276,94
74,10,272,81
66,1,269,86
64,16,276,82
57,16,268,83
56,12,268,79
56,4,270,79
71,16,272,90
71,4,280,88
62,4,280,95
53,9,278,88
60,18,281,89
62,15,263,81
63,0,272,84
56,15,271,94
55,13,280,80
51,10,276,90
56,4,277,94
56,6,267,82
68,12,268,79
55,1,270,93
60,8,275,79
66,11,269,87
54,12,270,91
65,4,275,79
53,2,273,84
62,0,280,89
54,12,274,95
62,4,278,91
57,0,274,88
60,4,263,91
64,3,277,84
61,6,280,81
71,0,266,84
71,16,276,88
64,8,271,89
61,12,271,82
62,7,281,80
65,4,273,89
57,8,268,91
69,9,270,78
65,7,280,85
54,17,267,91
53,14,265,91
63,1,266,89
60,8,269,79
67,3,278,88
60,6,263,95
53,9,272,84
51,15,276,82
71,19,275,80
67,14,273,84
65,8,272,78
64,4,276,90
50,11,278,76
58,1,266,87
51,16,268,86
60,2,263,83
64,0,279,79
55,13,271,86
56,12,276,83
50,5,274,85
54,3,271,75
51,12,268,79
59,2,272,82
54,15,275,77
59,5,280,84
50,6,280,91
51,16,265,83
49,2,270,91
59,9,272,84
55,0,280,89
50,1,273,80
48,0,279,80
49,4,268,91
61,16,266,86
56,4,274,79
50,0,272,85
58,15,276,85
45,11,273,84
43,11,272,74
58,8,263,87
44,16,273,84
52,16,274,84
47,6,268,78
52,0,275,77
48,6,271,78
47,17,272,81
62,0,276,80
59,10,267,76
53,6,263,83
46,10,281,87
62,1,271,81
50,19,281,83
55,2,272,84
59,6,266,88
58,17,277,75
43,16,269,80
60,2,272,76
61,2,279,83
56,6,277,73
59,7,277,80
52,10,265,89
44,6,267,84
60,13,274,84
55,16,272,76
43,13,270,87
52,14,263,83
61,11,266,78
57,4,262,79
56,8,266,91
61,12,268,90
56,0,265,79
57,6,279,78
56,13,272,71
44,12,274,87
44,10,273,81
44,15,263,85
55,9,271,73
42,1,264,76
58,13,279,88
59,5,272,81
58,8,266,79
47,0,267,77
48,18,275,89
52,19,275,73
47,10,278,78
48,12,262,81
62,0,278,88
45,18,265,80
51,9,271,75
55,1,276,79
61,16,273,86
48,12,281,77
56,2,279,80
48,12,270,79
54,15,278,88
53,0,277,80
59,17,269,80
49,11,272,80
59,0,270,77
58,1,270,82
59,7,272,77
39,17,274,88
59,11,274,78
58,12,274,85
44,5,269,73
54,15,275,80
59,11,278,76
50,16,265,79
48,4,263,73
57,12,266,75
44,4,281,81
54,8,272,76
42,0,280,75
52,12,281,79
48,2,267,87
46,10,267,79
45,16,267,82
59,16,279,76
47,0,272,84
46,2,283,71
62,1,276,74
63,1,278,85
52,1,273,88
46,2,281,71
45,16,276,78
56,4,270,87
52,4,269,78
44,12,279,74
59,0,280,88
58,11,264,80
59,9,272,78
45,15,277,72
48,10,272,71
49,1,269,79
42,13,276,76
45,4,273,75
51,13,280,84
47,6,269,84
50,3,276,82
48,12,265,85
52,0,265,75
51,8,280,71
56,6,281,81
56,4,279,79
48,12,277,81
39,17,274,74
42,3,277,76
39,0,270,86
42,12,274,87
44,2,267,72
41,2,279,77
44,1,270,71
51,9,267,78
39,9,272,86
57,1,266,78
59,15,278,80
42,15,267,75
51,16,278,84
41,4,276,90
52,5,266,83
55,10,270,79
48,0,271,84
41,11,264,74
59,1,273,78
47,0,269,88
44,17,278,87
59,13,265,82
57,1,273,84
47,0,269,84
50,17,278,88
48,16,276,78
44,9,268,78
55,19,268,89
59,0,280,88
42,4,281,89
45,0,268,82
57,17,266,85
57,13,268,83
44,15,267,80
52,5,278,82
55,16,264,81
39,10,277,78
41,12,277,91
42,16,268,88
39,16,268,79
57,16,266,87
51,8,265,87
59,0,280,80
47,8,267,91
54,2,271,86
43,11,268,78
43,11,268,84
39,16,278,81
51,12,274,78
49,16,278,80
55,16,272,79
48,6,275,73
53,4,279,79
55,13,268,87
44,11,267,85
45,0,266,80
51,1,273,82
47,3,280,84
50,13,278,88
59,10,279,73
48,2,266,91
49,0,279,88
44,0,269,71
57,4,268,76
51,1,265,88
48,6,281,85
42,10,276,76
54,8,273,76
51,13,267,83
47,4,272,80
51,7,280,88
54,15,271,80
47,12,269,77
40,2,277,77
44,4,281,90
54,12,271,87
46,0,269,87
52,7,263,89
45,4,274,87
38,8,274,83
46,16,272,80
46,1,276,76
46,11,267,77
44,19,263,74
44,3,278,85
50,0,268,79
41,8,278,76
44,3,281,89
44,6,277,87
53,12,266,87
36,7,270,80
51,1,279,84
49,14,276,84
48,6,267,91
52,2,277,91
44,7,269,75
44,0,265,82
52,8,274,91
57,4,265,89
43,12,271,82
57,12,270,75
48,0,270,89
64,4,276,79
47,0,281,91
48,2,266,78
45,17,267,88
45,8,277,82
47,11,265,80
51,9,277,86
57,5,272,86
46,9,272,79
47,4,268,88
65,17,278,78
49,2,270,83
49,11,267,79
57,12,271,93
48,10,271,89
63,0,267,88
44,0,280,86
57,8,274,83
47,3,270,90
56,4,279,93
47,0,278,88
60,10,267,94
58,0,275,88
53,14,263,93
55,7,281,80
47,19,269,84
57,16,272,84
57,10,277,86
47,0,280,82
59,16,276,84
56,7,263,87
62,10,269,82
48,12,278,91
60,0,279,79
60,4,279,87
48,12,267,95
60,7,271,91
59,10,277,82
58,16,268,79
48,1,277,84
54,15,267,84
48,3,281,86
56,3,263,93
59,10,268,79
56,6,271,76
60,10,272,79
56,10,263,92
63,15,265,88
56,8,272,75
64,10,271,79
50,12,270,94
60,2,271,93
55,0,273,80
58,0,281,80
44,7,267,90
48,12,274,79
55,11,276,76
44,16,268,84
61,16,272,84
43,8,276,86
43,0,265,84
42,14,273,85
48,13,271,77
46,15,281,80
56,9,270,85
45,13,276,83
58,10,266,76
43,10,276,84
48,6,279,91
58,5,266,75
45,6,274,84
45,0,266,89
56,2,271,87
47,16,267,84
58,16,276,82
57,16,276,84
53,16,272,78
54,16,278,86
45,5,268,91
42,9,276,86
51,16,267,78
59,0,274,77
56,13,271,79
52,3,267,91
50,7,280,91
52,0,275,84
52,2,274,87
44,11,269,91
50,1,282,81
48,12,272,79
44,2,281,90
59,6,269,82
61,0,267,82
48,0,270,82
48,0,274,81
59,12,274,84
63,0,280,78
47,15,273,91
42,9,281,89
46,19,268,83
53,8,273,93
42,12,270,79
50,19,270,82
61,0,278,80
46,15,264,82
45,8,273,75
56,1,276,79
59,10,278,79
58,12,268,91
49,0,270,91
47,12,265,89
39,17,280,80
55,13,266,85
45,16,272,80
58,3,274,82
47,0,269,88
61,15,276,77
58,0,263,85
58,10,278,89
59,0,279,90
55,15,274,88
61,16,264,95
46,1,277,90
63,13,269,82
53,4,270,75
61,4,263,92
61,2,277,79
58,4,263,89
52,12,263,93
64,12,274,91
64,2,263,89
58,11,266,79
51,5,276,79
65,0,270,79
70,13,279,80
67,17,279,88
55,11,280,89
69,6,270,90
69,14,279,82
66,4,276,91
67,16,276,88
64,8,276,82
69,8,276,77
47,0,279,77
49,7,276,88
55,3,266,85
63,4,273,93
48,16,276,78
49,10,268,82
49,12,271,83
60,0,268,91
67,2,279,88
56,4,268,89
67,0,277,78
55,0,276,84
58,14,279,87
69,13,270,82
56,12,271,87
55,14,265,89
50,1,270,87
64,11,268,83
58,0,273,96
57,6,271,90
51,4,281,87
65,3,274,82
51,13,265,85
66,5,280,91
56,0,275,81
58,7,266,88
54,15,263,79
58,0,277,80
59,0,267,91
51,0,278,80
54,0,280,82
52,0,281,85
58,0,275,92
59,6,271,87
51,4,273,89
62,7,263,79
49,6,267,91
56,8,269,87
63,0,263,93
48,13,268,95
60,11,279,83
54,17,271,91
58,15,264,92
63,15,277,80
53,0,276,80
52,18,279,89
58,3,279,85
56,12,267,93
56,6,271,75
55,13,270,79
54,11,281,80
60,4,266,95
54,8,268,83
51,10,276,90
56,7,275,88
59,7,271,83
63,2,270,83
64,8,270,85
59,16,273,79
60,0,279,93
60,0,281,83
62,12,270,75
58,9,268,75
54,8,273,82
55,0,280,80
60,14,279,88
62,0,281,84
50,11,281,85
61,16,270,75
52,3,276,91
52,0,269,80
56,0,282,80
52,15,281,80
59,18,271,84
65,16,269,86
52,1,268,87
64,11,268,82
52,12,279,95
56,4,274,87
63,8,277,80
60,4,273,79
57,16,276,86
61,1,272,94
66,7,277,77
55,15,273,80
50,1,282,81
57,6,263,93
48,1,272,93
52,4,271,91
63,4,278,93
56,4,267,95
56,8,280,83
56,8,273,89
48,8,270,85
65,17,277,79
62,8,266,85
64,10,272,91
57,0,279,77
61,11,270,94
51,12,271,83
60,1,268,79
63,2,267,80
50,0,275,90
48,2,268,95
48,10,276,84
58,8,263,91
52,6,281,91
60,15,275,78
52,12,272,82
56,0,281,96
58,4,283,95
56,1,278,85
61,4,276,92
59,7,266,81
48,11,265,80
64,6,270,88
63,0,266,88
52,2,281,79
64,16,275,90
64,0,268,80
54,3,273,87
48,4,270,95
43,9,280,90
52,15,271,93
63,19,271,80
49,0,266,84
53,0,274,80
43,15,272,90
58,9,271,77
58,8,271,91
44,10,271,82
48,12,275,79
52,4,281,87
45,9,274,83
48,12,279,79
52,12,271,77
60,12,270,95
53,5,266,87
64,14,269,80
55,0,277,90
55,15,281,82
43,13,279,90
57,10,266,90
57,10,271,83
41,4,267,88
59,17,280,81
49,12,266,93
58,5,266,89
52,3,282,90
48,7,271,79
52,10,270,85
52,9,266,80
46,0,273,96
52,0,270,82
57,4,264,85
53,14,272,80
53,13,268,88
55,16,276,80
64,9,280,84
59,7,271,89
56,6,275,82
53,8,264,85
48,12,267,86
65,3,280,88
59,3,279,92
58,3,264,92
59,15,280,80
60,8,271,83
65,2,270,84
59,0,273,92
54,15,279,94
47,15,275,92
47,0,274,85
60,8,265,87
64,7,278,88
62,0,272,84
56,12,277,91
50,4,278,95
59,13,267,79
52,2,270,79
53,3,268,86
59,1,268,79
59,5,280,86
61,13,280,80
60,10,275,89
47,1,282,89
60,11,269,90
63,0,278,84
60,14,279,79
59,0,280,92
50,8,275,77
59,9,277,84
63,7,271,81
52,12,264,79
56,12,269,79
48,16,278,86
63,15,275,80
59,9,272,87
50,12,277,84
49,6,263,94
60,4,281,81
57,4,271,87
54,12,278,87
52,11,274,88
47,8,272,94
60,16,273,87
60,6,265,82
59,12,268,79
55,5,268,94
52,15,279,96
58,19,269,96
43,0,281,90
59,12,268,83
56,4,270,83
47,18,281,84
67,3,275,88
56,7,275,82
64,0,281,81
50,1,270,81
56,16,273,87
54,1,273,90
55,17,281,92
57,16,276,91
62,11,282,97
63,9,267,95
52,15,279,87
59,7,277,90
54,1,272,90
62,12,268,91
58,7,267,98
62,10,268,95
52,2,263,81
50,4,263,87
51,2,276,94
51,16,278,84
63,8,271,83
51,16,271,97
60,11,275,83
55,1,281,88
51,5,280,93
43,7,281,92
50,7,279,96
52,7,278,96
58,2,263,79
51,9,266,87
49,13,280,86
59,1,268,81
51,9,276,84
52,2,263,96
52,3,274,87
43,7,265,89
50,8,271,95
67,10,276,89
57,6,273,84
55,14,272,92
61,4,266,85
53,8,276,87
46,2,274,84
63,15,267,88
59,8,270,89
51,16,265,94
60,10,273,86
61,13,269,92
59,8,270,90
59,11,267,88
57,12,278,91
56,6,283,83
46,4,274,88
62,11,269,85
63,9,279,92
57,0,274,79
49,6,280,90
47,7,281,89
60,9,270,95
57,3,272,90
64,3,266,95
48,4,272,89
49,4,270,79
50,12,272,87
60,12,266,95
48,4,263,83
43,16,273,86
59,4,270,91
44,16,265,87
60,16,276,90
59,4,272,84
45,13,270,88
59,10,281,88
45,1,271,93
48,12,274,87
56,10,271,93
47,3,281,93
48,15,279,78
53,11,278,78
48,12,266,91
43,13,281,92
51,12,272,81
52,3,282,93
47,3,279,91
60,4,275,77
57,10,268,87
57,2,277,79
52,8,269,77
61,4,278,84
44,0,281,96
59,13,272,82
51,0,269,91
63,5,273,88
57,0,268,89
59,16,276,79
64,8,271,79
64,16,276,79
57,6,275,76
56,8,265,89
58,8,271,91
53,4,263,94
48,13,270,75
56,14,279,83
52,11,266,80
52,3,272,90
48,0,278,83
56,12,264,78
58,12,276,78
43,1,268,86
59,12,275,85
51,17,266,81
62,0,276,87
48,8,264,77
48,12,276,78
59,0,263,90
56,4,281,75
52,15,281,86
53,13,268,79
54,0,263,79
60,7,275,87
56,14,281,93
59,0,281,82
60,6,279,85
54,16,268,78
57,8,276,85
45,6,274,82
43,15,277,77
59,0,274,89
59,1,266,89
45,11,272,80
47,8,272,76
55,3,273,88
56,6,263,88
53,0,275,91
60,8,278,93
50,12,271,83
50,15,269,85
64,3,270,86
64,3,268,80
49,0,280,84
59,17,280,78
62,12,268,93
50,14,280,80
64,4,276,82
43,13,278,81
53,8,272,87
64,13,268,84
58,1,266,84
43,0,281,91
60,16,274,79
45,2,271,83
64,3,277,78
43,0,279,85
47,13,281,88
48,16,268,82
51,8,268,85
57,1,276,75
43,11,277,82
50,12,272,93
56,10,281,75
44,15,275,91
56,11,269,89
59,0,267,80
56,10,283,73
44,12,279,83
44,3,265,90
58,0,266,91
51,12,277,88
63,7,271,85
56,12,275,86
43,15,275,85
51,2,268,87
59,0,270,75
48,4,263,92
60,6,281,76
48,4,276,89
58,12,275,93
52,0,281,77
56,15,272,77
53,14,272,79
50,4,263,89
53,12,278,89
56,4,268,75
55,0,276,80
56,6,263,83
53,11,271,87
59,4,266,79
57,17,270,82
54,16,274,87
52,6,269,91
59,10,267,91
61,8,277,88
43,15,265,88
59,8,272,95
58,16,278,86
61,12,272,75
49,6,281,91
61,16,264,79
52,6,271,85
52,4,271,91
49,16,276,79
61,9,272,94
43,0,268,80
54,19,266,77
63,17,279,80
57,10,268,88
65,16,269,86
50,16,278,84
61,16,272,91
60,0,279,93
60,9,271,81
61,12,277,93
63,1,280,88
52,13,267,85
44,0,269,79
57,10,280,80
47,16,273,88
59,5,278,88
43,14,280,78
53,16,280,88
56,16,274,78
48,6,276,76
62,15,280,89
43,1,269,88
58,11,271,79
63,2,267,80
55,7,279,80
58,15,277,88
54,8,267,93
64,8,270,79
59,0,278,77
62,4,267,96
64,0,281,95
64,4,266,83
64,0,278,78
47,13,280,84
67,11,277,77
53,12,276,90
53,16,274,80
49,12,274,86
66,13,268,86
68,8,268,84
51,17,281,83
67,5,273,88
62,7,272,91
62,0,266,81
64,8,278,77
65,8,274,86
57,13,278,84
60,12,263,79
62,17,276,85
60,4,271,93
50,13,268,84
61,6,277,79
64,8,272,90
67,5,281,85
52,15,282,87
52,7,266,77
53,16,264,79
56,4,270,78
65,16,269,78
49,6,269,80
67,15,280,86
53,7,274,84
67,8,274,86
67,13,272,92
60,2,281,82
52,10,271,79
47,7,266,88
61,0,279,81
61,17,277,80
62,6,279,85
61,2,276,94
67,0,277,92
56,11,281,78
55,0,273,80
56,12,268,87
52,6,270,77
64,9,280,88
48,12,271,77
60,6,282,77
59,10,268,85
60,6,283,91
60,4,282,87
60,6,273,93
60,4,279,91
64,8,274,94
66,16,267,90
49,1,266,94
48,16,268,91
56,1,277,90
62,6,271,89
47,7,273,84
55,7,279,92
65,12,271,86
49,12,268,82
61,7,273,83
62,9,268,83
59,7,272,88
63,15,277,80
59,2,276,89
57,3,272,90
56,11,276,91
52,6,263,83
62,14,268,96
55,16,274,84
64,4,271,81
56,12,271,87
52,1,270,92
48,14,279,79
62,19,277,89
50,19,267,79
58,11,278,92
51,15,268,85
63,7,280,86
60,2,275,91
64,12,274,86
50,12,268,78
57,6,263,77
65,10,268,91
56,14,279,85
67,13,272,88
60,8,278,95
53,2,270,93
64,12,274,87
50,3,275,90
50,9,269,85
58,15,265,91
67,0,267,89
67,10,270,82
49,9,276,80
52,19,269,84
62,17,271,92
54,14,271,93
48,3,277,77
53,1,268,94
67,7,280,85
59,10,273,84
61,8,270,77
48,16,268,94
60,11,275,92
59,7,281,88
47,15,280,87
53,13,278,86
54,10,266,84
61,10,271,93
57,6,279,77
56,12,279,83
58,13,264,84
47,7,272,82
48,8,264,75
55,0,272,88
44,10,275,82
46,15,280,80
43,15,281,80
59,16,278,80
56,8,263,83
57,2,275,89
50,6,265,76
48,10,275,89
65,13,267,86
56,0,279,87
61,4,265,91
57,6,281,81
57,4,268,75
59,16,272,84
56,1,277,86
63,7,276,84
56,12,278,83
56,12,268,82
51,0,275,77
55,9,275,88
50,15,275,92
67,15,281,90
55,9,272,82
47,17,269,85
51,10,274,93
52,11,272,82
64,12,266,79
48,10,277,78
53,11,270,84
48,12,276,79
58,7,279,90
58,8,279,81
58,12,271,83
46,15,275,83
61,0,280,84
52,11,266,77
47,13,279,80
55,3,272,84
54,7,272,75
59,10,276,82
48,4,274,77
57,2,274,87
53,3,276,80
56,9,267,82
57,10,274,78
60,13,268,91
56,6,272,90
56,4,263,77
59,12,266,78
57,0,266,91
57,8,266,91
56,1,276,91
49,12,271,89
44,0,263,89
56,6,269,78
47,1,281,76
57,10,268,79
54,1,268,78
39,7,272,84
53,15,278,84
57,12,278,89
42,3,269,81
46,7,279,76
50,19,280,80
54,5,274,75
45,16,279,84
43,8,268,89
53,16,277,78
44,9,276,90
45,16,277,88
51,16,265,74
54,12,271,82
49,4,271,87
59,1,280,88
48,4,271,87
59,14,267,77
41,14,266,77
51,0,266,77
46,0,263,76
46,6,267,90
52,0,277,90
44,15,280,80
51,3,268,95
47,11,272,85
52,12,271,80
47,3,281,84
46,1,264,91
45,6,267,93
56,6,269,80
56,2,265,92
59,10,268,91
58,2,268,83
63,3,266,80
50,8,279,93
43,12,277,86
45,16,269,86
57,8,273,78
59,12,268,81
46,15,270,85
45,0,270,90
58,16,276,79
58,8,271,87
53,6,265,93
50,2,271,79
60,0,274,85
48,4,266,95
58,16,267,92
49,8,274,83
49,7,268,84
43,17,281,88
42,0,281,93
59,12,276,87
48,12,275,77
52,4,271,85
57,16,266,78
52,0,279,85
41,12,276,83
48,14,279,77
49,8,272,82
41,0,276,82
39,17,280,82
59,16,274,84
55,1,268,85
59,14,277,84
57,16,268,93
42,15,275,81
46,16,270,86
44,7,281,92
48,0,266,87
51,13,281,89
61,5,280,88
47,13,281,89
39,5,264,91
44,7,277,86
48,8,264,87
56,12,277,78
56,4,279,79
48,4,266,82
37,0,275,84
53,3,276,88
47,17,266,81
45,7,279,78
47,15,266,88
43,8,264,91
55,2,274,94
37,16,276,84
47,16,274,84
42,12,268,84
39,12,277,84
47,16,272,80
39,9,279,82
44,0,267,83
49,13,271,91
48,4,278,91
41,4,268,91
39,8,273,79
39,16,268,78
48,4,273,75
49,6,263,91
46,6,275,93
52,6,273,80
42,10,263,92
48,3,269,79
42,8,270,91
42,16,268,82
56,12,270,79
56,8,268,75
39,17,276,88
59,3,267,80
56,4,279,77
40,16,276,84
44,1,268,91
39,11,280,76
52,4,275,80
46,11,281,91
49,16,278,82
60,10,275,83
65,17,266,88
61,8,271,90
58,0,267,91
62,13,268,79
49,14,279,78
61,15,268,88
57,0,273,88
52,7,265,81
63,12,267,87
61,12,274,91
65,12,271,79
64,4,274,75
59,16,280,78
55,7,279,76
51,10,281,88
62,9,268,87
65,12,274,91
47,11,281,88
65,3,276,90
67,13,276,82
64,4,266,91
66,4,276,86
63,1,272,82
52,11,281,89
45,17,267,84
53,12,268,91
46,6,267,79
46,16,268,86
48,12,266,91
53,2,273,74
63,0,273,80
58,10,267,89
54,1,280,76
46,15,276,75
59,0,277,80
47,18,275,83
59,16,276,79
52,12,263,87
46,17,269,85
45,5,268,84
47,11,281,85
42,0,274,79
63,15,267,84
44,9,270,87
57,16,272,84
57,16,271,76
57,16,276,78
54,9,270,75
47,7,265,82
48,10,281,73
55,17,263,86
62,17,277,76
63,16,279,72
60,12,276,89
43,7,281,84
51,11,268,85
48,12,275,89
51,17,276,84
51,10,272,85
44,4,274,91
52,1,268,80
55,15,280,80
61,16,280,85
39,17,267,85
53,1,275,76
46,10,273,78
52,15,279,78
48,19,279,87
59,15,272,83
63,6,268,76
54,1,274,76
46,7,265,77